0	4
1	18
2	12
3	10
4	18
5	15
6	6
7	7
8	15
9	3
10	4
11	7
12	2
13	12
14	13
15	4
16	6
17	15
18	12
19	12
20	12
21	2
22	7
23	15
24	3
25	15
26	3
27	7
28	1
29	7
30	12
31	9
32	14
33	1
34	8
35	12
36	16
37	13
38	12
39	7
40	5
41	11
42	18
43	15
44	7
45	1
46	7
47	16
48	14
49	17
50	12
51	2
52	18
53	1
54	15
55	12
56	14
57	14
58	2
59	6
60	16
61	13
62	2
63	12
64	15
65	4
66	5
67	6
68	18
69	9
70	9
71	14
72	4
73	17
74	7
75	17
76	13
77	12
78	4
79	11
80	17
81	1
82	7
83	18
84	6
85	2
86	6
87	12
88	18
89	2
90	4
91	14
92	10
93	1
94	12
95	15
96	18
97	12
98	4
99	16
100	3
101	3
102	16
103	10
104	1
105	1
106	2
107	6
108	2
109	2
110	5
111	8
112	3
113	1
114	12
115	9
116	3
117	1
118	6
119	4
120	8
121	2
122	3
123	10
124	3
125	6
126	3
127	14
128	16
129	4
130	14
131	17
132	7
133	6
134	3
135	3
136	12
137	17
138	5
139	4
140	9
141	2
142	13
143	15
144	13
145	7
146	10
147	18
148	3
149	4
150	2
151	18
152	2
153	1
154	10
155	12
156	7
157	5
158	2
159	5
160	6
161	6
162	12
163	4
164	3
165	6
166	15
167	14
168	16
169	3
170	6
171	9
172	16
173	4
174	3
175	11
176	4
177	4
178	12
179	14
180	2
181	2
182	1
183	17
184	16
185	12
186	6
187	8
188	14
189	4
190	17
191	10
192	3
193	4
194	2
195	12
196	7
197	2
198	4
199	7
200	5
201	3
202	7
203	8
204	2
205	10
206	3
207	13
208	3
209	4
210	10
211	2
212	9
213	12
214	12
215	6
216	7
217	2
218	10
219	1
220	4
221	12
222	14
223	10
224	2
225	8
226	17
227	7
228	15
229	4
230	8
231	3
232	12
233	12
234	8
235	17
236	10
237	11
238	13
239	4
240	16
241	1
242	3
243	13
244	7
245	16
246	3
247	6
248	1
249	6
250	3
251	14
252	12
253	18
254	14
255	15
256	12
257	3
258	6
259	13
260	4
261	15
262	16
263	4
264	12
265	2
266	1
267	12
268	4
269	4
270	9
271	10
272	6
273	4
274	7
275	9
276	2
277	11
278	12
279	16
280	2
281	7
282	12
283	9
284	15
285	4
286	15
287	12
288	11
289	5
290	12
291	15
292	1
293	14
294	15
295	7
296	2
297	15
298	14
299	12
300	9
301	17
302	10
303	14
304	11
305	1
306	2
307	11
308	18
309	11
310	1
311	13
312	3
313	12
314	12
315	11
316	6
317	16
318	9
319	5
320	4
321	4
322	4
323	2
324	12
325	3
326	2
327	1
328	2
329	8
330	14
331	12
332	3
333	13
334	13
335	1
336	12
337	3
338	9
339	3
340	8
341	6
342	1
343	12
344	13
345	5
346	6
347	5
348	7
349	3
350	14
351	2
352	4
353	10
354	12
355	2
356	9
357	8
358	12
359	7
360	16
361	16
362	11
363	2
364	4
365	2
366	10
367	10
368	7
369	13
370	8
371	8
372	1
373	3
374	4
375	4
376	15
377	3
378	4
379	14
380	7
381	1
382	4
383	15
384	3
385	17
386	10
387	12
388	12
389	16
390	9
391	14
392	5
393	18
394	14
395	1
396	6
397	12
398	3
399	3
400	14
401	10
402	12
403	3
404	1
405	3
406	6
407	16
408	18
409	13
410	4
411	4
412	11
413	16
414	13
415	7
416	17
417	3
418	3
419	12
420	6
421	5
422	4
423	9
424	16
425	2
426	12
427	14
428	6
429	12
430	10
431	18
432	4
433	11
434	9
435	11
436	18
437	5
438	6
439	4
440	4
441	9
442	2
443	15
444	10
445	4
446	4
447	6
448	4
449	15
450	1
451	7
452	14
453	12
454	18
455	9
456	3
457	13
458	16
459	4
460	10
461	7
462	3
463	18
464	17
465	1
466	1
467	10
468	10
469	12
470	7
471	7
472	5
473	3
474	3
475	6
476	1
477	10
478	7
479	2
480	12
481	4
482	16
483	5
484	10
485	4
486	13
487	3
488	1
489	10
490	3
491	9
492	3
493	12
494	9
495	10
496	12
497	4
498	5
499	3
500	18
501	6
502	12
503	13
504	6
505	14
506	7
507	1
508	15
509	17
510	9
511	16
512	14
513	12
514	3
515	18
516	18
517	16
518	12
519	2
520	3
521	2
522	9
523	4
524	12
525	14
526	7
527	7
528	12
529	9
530	4
531	7
532	6
533	10
534	3
535	16
536	4
537	4
538	4
539	16
540	3
541	16
542	2
543	16
544	12
545	6
546	8
547	3
548	17
549	12
550	4
551	10
552	8
553	6
554	10
555	8
556	1
557	1
558	4
559	2
560	18
561	3
562	6
563	10
564	4
565	4
566	4
567	4
568	1
569	4
570	18
571	12
572	12
573	17
574	5
575	13
576	9
577	12
578	1
579	12
580	6
581	6
582	12
583	9
584	18
585	11
586	2
587	6
588	3
589	12
590	17
591	18
592	3
593	1
594	9
595	3
596	4
597	15
598	16
599	15
600	12
601	14
602	3
603	2
604	2
605	9
606	15
607	7
608	3
609	7
610	1
611	4
612	9
613	12
614	4
615	18
616	1
617	15
618	8
619	16
620	7
621	13
622	17
623	9
624	7
625	8
626	1
627	7
628	12
629	12
630	17
631	16
632	2
633	6
634	4
635	3
636	11
637	7
638	18
639	8
640	8
641	3
642	14
643	12
644	4
645	13
646	11
647	4
648	12
649	7
650	4
651	15
652	6
653	5
654	16
655	12
656	16
657	4
658	7
659	3
660	8
661	12
662	1
663	18
664	12
665	17
666	8
667	3
668	10
669	12
670	2
671	11
672	5
673	9
674	8
675	4
676	7
677	6
678	1
679	15
680	15
681	18
682	3
683	4
684	2
685	6
686	12
687	3
688	1
689	3
690	7
691	4
692	3
693	7
694	18
695	18
696	12
697	9
698	15
699	7
700	3
701	4
702	9
703	5
704	4
705	15
706	15
707	7
708	7
709	12
710	9
711	1
712	12
713	17
714	17
715	9
716	10
717	6
718	6
719	3
720	4
721	2
722	6
723	6
724	17
725	9
726	7
727	6
728	12
729	9
730	13
731	4
732	3
733	5
734	18
735	7
736	9
737	7
738	18
739	4
740	15
741	12
742	3
743	7
744	12
745	10
746	15
747	1
748	1
749	12
750	4
751	5
752	1
753	4
754	14
755	7
756	7
757	13
758	12
759	12
760	1
761	15
762	9
763	4
764	1
765	13
766	12
767	9
768	2
769	4
770	3
771	6
772	2
773	12
774	15
775	14
776	4
777	17
778	8
779	7
780	4
781	10
782	17
783	1
784	17
785	4
786	5
787	8
788	12
789	13
790	15
791	3
792	10
793	10
794	1
795	3
796	4
797	3
798	18
799	14
800	4
801	1
802	17
803	6
804	16
805	6
806	7
807	12
808	1
809	12
810	2
811	1
812	7
813	10
814	6
815	2
816	3
817	9
818	17
819	15
820	12
821	17
822	8
823	13
824	7
825	13
826	9
827	1
828	17
829	9
830	2
831	6
832	12
833	14
834	3
835	7
836	7
837	4
838	10
839	11
840	11
841	17
842	11
843	15
844	13
845	6
846	4
847	12
848	10
849	12
850	18
851	3
852	4
853	14
854	16
855	18
856	14
857	3
858	3
859	1
860	3
861	18
862	7
863	8
864	2
865	12
866	15
867	14
868	15
869	13
870	9
871	4
872	11
873	5
874	3
875	14
876	17
877	3
878	7
879	9
880	2
881	9
882	7
883	12
884	9
885	13
886	6
887	7
888	12
889	17
890	10
891	4
892	15
893	7
894	10
895	4
896	12
897	18
898	14
899	7
900	10
901	4
902	15
903	3
904	4
905	1
906	5
907	18
908	7
909	15
910	9
911	15
912	6
913	3
914	10
915	5
916	7
917	13
918	6
919	6
920	12
921	12
922	10
923	18
924	1
925	3
926	12
927	12
928	13
929	12
930	11
931	12
932	3
933	16
934	2
935	6
936	9
937	4
938	1
939	18
940	9
941	3
942	15
943	9
944	4
945	3
946	9
947	4
948	2
949	6
950	16
951	14
952	3
953	4
954	17
955	18
956	4
957	17
958	15
959	6
960	4
961	4
962	5
963	17
964	4
965	1
966	3
967	5
968	1
969	1
970	13
971	1
972	2
973	3
974	5
975	1
976	10
977	17
978	3
979	11
980	13
981	4
982	10
983	12
984	2
985	16
986	12
987	9
988	18
989	6
990	16
991	10
992	11
993	2
994	15
995	2
996	6
997	7
998	1
999	14
1000	12
1001	16
1002	10
1003	3
1004	2
1005	10
1006	14
1007	12
1008	12
1009	16
1010	3
1011	7
1012	9
1013	18
1014	17
1015	3
1016	12
1017	7
1018	15
1019	10
1020	1
1021	13
1022	9
1023	6
1024	3
1025	7
1026	9
1027	18
1028	13
1029	4
1030	7
1031	10
1032	18
1033	7
1034	3
1035	18
1036	17
1037	7
1038	1
1039	7
1040	3
1041	13
1042	12
1043	18
1044	16
1045	3
1046	4
1047	9
1048	15
1049	1
1050	15
1051	5
1052	11
1053	12
1054	3
1055	18
1056	3
1057	3
1058	10
1059	14
1060	4
1061	14
1062	1
1063	9
1064	16
1065	15
1066	16
1067	18
1068	12
1069	2
1070	7
1071	18
1072	1
1073	10
1074	9
1075	17
1076	8
1077	4
1078	9
1079	2
1080	4
1081	14
1082	15
1083	4
1084	10
1085	14
1086	17
1087	1
1088	2
1089	12
1090	18
1091	2
1092	17
1093	7
1094	7
1095	13
1096	4
1097	13
1098	2
1099	6
1100	6
1101	2
1102	14
1103	15
1104	10
1105	13
1106	3
1107	15
1108	4
1109	7
1110	12
1111	18
1112	1
1113	3
1114	3
1115	1
1116	16
1117	7
1118	1
1119	16
1120	12
1121	16
1122	11
1123	2
1124	4
1125	4
1126	17
1127	17
1128	12
1129	14
1130	11
1131	4
1132	8
1133	5
1134	11
1135	18
1136	3
1137	2
1138	3
1139	16
1140	18
1141	16
1142	2
1143	10
1144	7
1145	7
1146	12
1147	4
1148	18
1149	14
1150	9
1151	1
1152	2
1153	16
1154	15
1155	13
1156	14
1157	2
1158	3
1159	10
1160	15
1161	9
1162	4
1163	12
1164	6
1165	3
1166	7
1167	7
1168	18
1169	4
1170	9
1171	11
1172	3
1173	11
1174	12
1175	11
1176	6
1177	7
1178	7
1179	18
1180	4
1181	7
1182	17
1183	9
1184	4
1185	12
1186	11
1187	10
1188	12
1189	2
1190	15
1191	2
1192	1
1193	1
1194	7
1195	10
1196	3
1197	12
1198	14
1199	9
1200	4
1201	10
1202	6
1203	14
1204	12
1205	4
1206	10
1207	2
1208	8
1209	5
1210	18
1211	9
1212	2
1213	10
1214	6
1215	2
1216	15
1217	3
1218	4
1219	3
1220	4
1221	9
1222	18
1223	12
1224	12
1225	1
1226	16
1227	15
1228	12
1229	12
1230	11
1231	2
1232	12
1233	5
1234	15
1235	14
1236	7
1237	15
1238	9
1239	18
1240	12
1241	4
1242	9
1243	5
1244	18
1245	3
1246	9
1247	16
1248	9
1249	4
1250	6
1251	4
1252	15
1253	14
1254	18
1255	1
1256	7
1257	14
1258	8
1259	12
1260	14
1261	14
1262	12
1263	3
1264	7
1265	14
1266	17
1267	3
1268	17
1269	1
1270	2
1271	12
1272	12
1273	10
1274	7
1275	14
1276	13
1277	15
1278	3
1279	2
1280	11
1281	12
1282	9
1283	2
1284	18
1285	8
1286	18
1287	15
1288	10
1289	15
1290	8
1291	12
1292	12
1293	15
1294	18
1295	10
1296	15
1297	1
1298	1
1299	15
1300	12
1301	7
1302	18
1303	4
1304	13
1305	2
1306	5
1307	4
1308	7
1309	5
1310	4
1311	11
1312	9
1313	1
1314	3
1315	2
1316	2
1317	4
1318	4
1319	12
1320	14
1321	4
1322	17
1323	18
1324	6
1325	18
1326	6
1327	15
1328	18
1329	10
1330	4
1331	9
1332	8
1333	1
1334	7
1335	4
1336	1
1337	7
1338	6
1339	9
1340	14
1341	15
1342	6
1343	17
1344	9
1345	4
1346	15
1347	3
1348	11
1349	17
1350	1
1351	8
1352	12
1353	17
1354	4
1355	1
1356	12
1357	18
1358	1
1359	1
1360	1
1361	14
1362	13
1363	1
1364	12
1365	4
1366	3
1367	10
1368	18
1369	5
1370	12
1371	8
1372	17
1373	18
1374	4
1375	4
1376	11
1377	2
1378	4
1379	6
1380	17
1381	7
1382	3
1383	3
1384	16
1385	15
1386	2
1387	3
1388	1
1389	3
1390	6
1391	4
1392	1
1393	4
1394	9
1395	12
1396	1
1397	14
1398	4
1399	10
1400	9
1401	18
1402	7
1403	12
1404	1
1405	4
1406	6
1407	15
1408	10
1409	6
1410	5
1411	4
1412	17
1413	13
1414	3
1415	3
1416	17
1417	4
1418	4
1419	12
1420	12
1421	14
1422	10
1423	18
1424	2
1425	12
1426	15
1427	2
1428	7
1429	4
1430	3
1431	14
1432	12
1433	17
1434	9
1435	11
1436	7
1437	13
1438	4
1439	4
1440	11
1441	1
1442	15
1443	3
1444	14
1445	1
1446	6
1447	4
1448	4
1449	3
1450	12
1451	13
1452	12
1453	1
1454	1
1455	4
1456	12
1457	2
1458	6
1459	14
1460	6
1461	2
1462	4
1463	12
1464	3
1465	3
1466	9
1467	7
1468	12
1469	12
1470	6
1471	4
1472	3
1473	3
1474	15
1475	3
1476	8
1477	14
1478	16
1479	2
1480	3
1481	11
1482	3
1483	17
1484	12
1485	6
1486	13
1487	6
1488	3
1489	14
1490	10
1491	6
1492	4
1493	4
1494	3
1495	3
1496	10
1497	13
1498	2
1499	14
1500	1
1501	10
1502	17
1503	1
1504	7
1505	6
1506	7
1507	6
1508	12
1509	1
1510	4
1511	12
1512	11
1513	4
1514	2
1515	4
1516	11
1517	3
1518	3
1519	16
1520	7
1521	2
1522	15
1523	11
1524	5
1525	15
1526	3
1527	11
1528	11
1529	15
1530	15
1531	3
1532	12
1533	1
1534	3
1535	14
1536	4
1537	6
1538	8
1539	3
1540	7
1541	15
1542	13
1543	3
1544	6
1545	6
1546	5
1547	14
1548	13
1549	4
1550	6
1551	4
1552	1
1553	16
1554	12
1555	7
1556	10
1557	2
1558	6
1559	18
1560	3
1561	12
1562	10
1563	15
1564	10
1565	10
1566	15
1567	4
1568	9
1569	16
1570	16
1571	17
1572	3
1573	14
1574	15
1575	8
1576	10
1577	15
1578	3
1579	12
1580	3
1581	7
1582	12
1583	9
1584	15
1585	16
1586	17
1587	4
1588	2
1589	6
1590	18
1591	10
1592	11
1593	17
1594	2
1595	18
1596	18
1597	17
1598	12
1599	9
1600	16
1601	12
1602	9
1603	9
1604	4
1605	3
1606	15
1607	12
1608	7
1609	8
1610	13
1611	6
1612	4
1613	12
1614	11
1615	1
1616	17
1617	15
1618	8
1619	4
1620	4
1621	17
1622	12
1623	4
1624	17
1625	10
1626	1
1627	12
1628	15
1629	2
1630	18
1631	3
1632	9
1633	2
1634	14
1635	7
1636	12
1637	4
1638	8
1639	4
1640	5
1641	3
1642	16
1643	18
1644	17
1645	6
1646	5
1647	17
1648	14
1649	16
1650	6
1651	4
1652	13
1653	12
1654	8
1655	3
1656	16
1657	12
1658	3
1659	12
1660	6
1661	13
1662	7
1663	15
1664	1
1665	6
1666	4
1667	7
1668	1
1669	12
1670	12
1671	4
1672	7
1673	14
1674	9
1675	6
1676	16
1677	7
1678	5
1679	2
1680	16
1681	9
1682	3
1683	2
1684	15
1685	12
1686	7
1687	13
1688	3
1689	3
1690	3
1691	9
1692	12
1693	3
1694	6
1695	1
1696	2
1697	14
1698	3
1699	9
1700	10
1701	9
1702	13
1703	10
1704	9
1705	3
1706	14
1707	18
1708	2
1709	1
1710	7
1711	9
1712	12
1713	10
1714	16
1715	16
1716	18
1717	4
1718	1
1719	4
1720	12
1721	12
1722	16
1723	6
1724	16
1725	18
1726	9
1727	14
1728	1
1729	10
1730	9
1731	4
1732	10
1733	18
1734	15
1735	15
1736	9
1737	8
1738	3
1739	3
1740	6
1741	2
1742	2
1743	3
1744	3
1745	6
1746	3
1747	9
1748	18
1749	3
1750	5
1751	10
1752	13
1753	4
1754	9
1755	8
1756	3
1757	12
1758	1
1759	4
1760	10
1761	10
1762	15
1763	7
1764	6
1765	17
1766	1
1767	3
1768	10
1769	16
1770	6
1771	2
1772	5
1773	6
1774	13
1775	11
1776	4
1777	9
1778	2
1779	6
1780	4
1781	13
1782	9
1783	1
1784	4
1785	7
1786	4
1787	6
1788	4
1789	1
1790	5
1791	10
1792	6
1793	7
1794	12
1795	10
1796	1
1797	9
1798	14
1799	3
1800	3
1801	7
1802	6
1803	9
1804	1
1805	15
1806	1
1807	12
1808	14
1809	17
1810	1
1811	6
1812	1
1813	3
1814	13
1815	8
1816	6
1817	2
1818	8
1819	6
1820	4
1821	4
1822	13
1823	9
1824	3
1825	4
1826	16
1827	3
1828	4
1829	1
1830	10
1831	14
1832	1
1833	17
1834	10
1835	4
1836	2
1837	18
1838	6
1839	4
1840	3
1841	4
1842	10
1843	3
1844	1
1845	4
1846	12
1847	2
1848	16
1849	7
1850	15
1851	6
1852	7
1853	12
1854	10
1855	8
1856	16
1857	3
1858	3
1859	10
1860	3
1861	10
1862	4
1863	3
1864	16
1865	12
1866	6
1867	6
1868	12
1869	14
1870	18
1871	6
1872	9
1873	10
1874	4
1875	6
1876	13
1877	17
1878	2
1879	4
1880	3
1881	13
1882	18
1883	10
1884	15
1885	8
1886	10
1887	18
1888	14
1889	2
1890	2
1891	15
1892	4
1893	3
1894	14
1895	3
1896	7
1897	8
1898	4
1899	6
1900	6
1901	15
1902	14
1903	3
1904	7
1905	6
1906	8
1907	4
1908	18
1909	18
1910	14
1911	15
1912	3
1913	7
1914	1
1915	18
1916	7
1917	1
1918	8
1919	15
1920	3
1921	14
1922	15
1923	3
1924	15
1925	9
1926	13
1927	3
1928	13
1929	3
1930	4
1931	8
1932	14
1933	3
1934	4
1935	10
1936	10
1937	7
1938	3
1939	1
1940	12
1941	7
1942	15
1943	9
1944	12
1945	9
1946	7
1947	18
1948	18
1949	10
1950	4
1951	12
1952	13
1953	4
1954	8
1955	2
1956	2
1957	12
1958	15
1959	3
1960	4
1961	3
1962	7
1963	11
1964	18
1965	6
1966	13
1967	16
1968	6
1969	1
1970	2
1971	6
1972	17
1973	2
1974	16
1975	1
1976	4
1977	9
1978	4
1979	18
1980	7
1981	10
1982	6
1983	2
1984	3
1985	3
1986	6
1987	7
1988	16
1989	12
1990	6
1991	2
1992	8
1993	5
1994	9
1995	6
1996	1
1997	10
1998	11
1999	12
2000	14
2001	18
2002	4
2003	12
2004	12
2005	1
2006	14
2007	14
2008	11
2009	2
2010	6
2011	13
2012	9
2013	13
2014	7
2015	4
2016	15
2017	3
2018	4
2019	9
2020	3
2021	7
2022	7
2023	3
2024	4
2025	2
2026	8
2027	7
2028	4
2029	3
2030	1
2031	9
2032	13
2033	4
2034	16
2035	5
2036	9
2037	6
2038	3
2039	3
2040	6
2041	5
2042	16
2043	6
2044	6
2045	16
2046	9
2047	9
2048	6
2049	2
2050	1
2051	4
2052	10
2053	3
2054	9
2055	3
2056	6
2057	2
2058	10
2059	9
2060	17
2061	18
2062	14
2063	10
2064	12
2065	7
2066	11
2067	12
2068	12
2069	12
2070	4
2071	15
2072	12
2073	3
2074	14
2075	14
2076	13
2077	3
2078	14
2079	4
2080	12
2081	6
2082	4
2083	4
2084	16
2085	1
2086	2
2087	2
2088	14
2089	4
2090	17
2091	5
2092	5
2093	16
2094	1
2095	2
2096	9
2097	12
2098	10
2099	12
2100	18
2101	16
2102	18
2103	7
2104	4
2105	18
2106	7
2107	6
2108	4
2109	7
2110	10
2111	1
2112	7
2113	7
2114	5
2115	7
2116	18
2117	12
2118	7
2119	10
2120	3
2121	16
2122	2
2123	16
2124	17
2125	4
2126	18
2127	13
2128	6
2129	12
2130	10
2131	9
2132	2
2133	17
2134	6
2135	17
2136	12
2137	4
2138	9
2139	9
2140	15
2141	18
2142	3
2143	1
2144	14
2145	12
2146	15
2147	4
2148	7
2149	10
2150	2
2151	1
2152	7
2153	7
2154	14
2155	4
2156	8
2157	3
2158	10
2159	4
2160	2
2161	6
2162	10
2163	18
2164	6
2165	16
2166	4
2167	4
2168	18
2169	18
2170	3
2171	2
2172	6
2173	2
2174	10
2175	10
2176	6
2177	13
2178	15
2179	9
2180	2
2181	12
2182	16
2183	14
2184	13
2185	18
2186	4
2187	18
2188	3
2189	3
2190	18
2191	13
2192	3
2193	2
2194	2
2195	3
2196	9
2197	7
2198	12
2199	9
2200	12
2201	12
2202	14
2203	15
2204	4
2205	12
2206	10
2207	2
2208	8
2209	1
2210	1
2211	1
2212	6
2213	12
2214	7
2215	13
2216	2
2217	12
2218	6
2219	12
2220	7
2221	3
2222	1
2223	15
2224	9
2225	13
2226	3
2227	3
2228	12
2229	12
2230	11
2231	14
2232	10
2233	10
2234	2
2235	10
2236	9
2237	9
2238	2
2239	6
2240	12
2241	2
2242	16
2243	12
2244	13
2245	2
2246	1
2247	8
2248	3
2249	6
2250	11
2251	6
2252	11
2253	12
2254	4
2255	9
2256	18
2257	4
2258	16
2259	7
2260	2
2261	18
2262	6
2263	12
2264	12
2265	1
2266	2
2267	12
2268	14
2269	3
2270	15
2271	3
2272	3
2273	16
2274	2
2275	10
2276	4
2277	9
2278	15
2279	4
2280	1
2281	1
2282	10
2283	3
2284	2
2285	8
2286	7
2287	3
2288	12
2289	4
2290	4
2291	11
2292	16
2293	7
2294	16
2295	14
2296	6
2297	1
2298	4
2299	3
2300	12
2301	3
2302	15
2303	18
2304	1
2305	14
2306	2
2307	12
2308	4
2309	3
2310	12
2311	11
2312	4
2313	2
2314	7
2315	1
2316	4
2317	12
2318	2
2319	6
2320	3
2321	4
2322	5
2323	17
2324	3
2325	13
2326	1
2327	16
2328	1
2329	15
2330	4
2331	15
2332	7
2333	2
2334	17
2335	4
2336	12
2337	4
2338	17
2339	10
2340	15
2341	1
2342	5
2343	2
2344	11
2345	3
2346	9
2347	17
2348	14
2349	12
2350	16
2351	12
2352	17
2353	1
2354	12
2355	18
2356	1
2357	18
2358	12
2359	11
2360	9
2361	4
2362	2
2363	1
2364	10
2365	12
2366	5
2367	8
2368	12
2369	6
2370	16
2371	10
2372	10
2373	17
2374	4
2375	16
2376	10
2377	16
2378	15
2379	5
2380	15
2381	14
2382	6
2383	10
2384	14
2385	9
2386	12
2387	4
2388	18
2389	10
2390	1
2391	6
2392	14
2393	7
2394	2
2395	2
2396	18
2397	3
2398	6
2399	18
2400	1
2401	9
2402	3
2403	1
2404	17
2405	6
2406	8
2407	2
2408	6
2409	14
2410	1
2411	17
2412	12
2413	9
2414	14
2415	4
2416	7
2417	10
2418	4
2419	9
2420	11
2421	17
2422	4
2423	14
2424	5
2425	2
2426	18
2427	9
2428	1
2429	16
2430	13
2431	6
2432	17
2433	10
2434	8
2435	3
2436	4
2437	8
2438	18
2439	12
2440	2
2441	3
2442	10
2443	1
2444	4
2445	6
2446	12
2447	18
2448	8
2449	8
2450	14
2451	7
2452	6
2453	6
2454	7
2455	4
2456	14
2457	7
2458	8
2459	9
2460	10
2461	14
2462	15
2463	1
2464	6
2465	7
2466	6
2467	7
2468	16
2469	17
2470	4
2471	18
2472	2
2473	9
2474	17
2475	1
2476	7
2477	3
2478	8
2479	7
2480	18
2481	1
2482	4
2483	6
2484	14
2485	4
2486	2
2487	7
2488	6
2489	18
2490	7
2491	15
2492	4
2493	12
2494	17
2495	6
2496	18
2497	4
2498	4
2499	10
2500	4
2501	4
2502	12
2503	7
2504	4
2505	14
2506	10
2507	17
2508	13
2509	5
2510	9
2511	1
2512	3
2513	11
2514	3
2515	2
2516	3
2517	18
2518	18
2519	6
2520	4
2521	6
2522	12
2523	8
2524	17
2525	11
2526	18
2527	11
2528	6
2529	10
2530	3
2531	17
2532	9
2533	3
2534	5
2535	12
2536	6
2537	7
2538	11
2539	15
2540	12
2541	1
2542	3
2543	6
2544	11
2545	5
2546	14
2547	6
2548	4
2549	3
2550	9
2551	10
2552	8
2553	15
2554	4
2555	4
2556	5
2557	18
2558	4
2559	1
2560	8
2561	8
2562	1
2563	14
2564	4
2565	10
2566	2
2567	9
2568	4
2569	3
2570	11
2571	4
2572	18
2573	12
2574	14
2575	7
2576	9
2577	17
2578	17
2579	12
2580	1
2581	3
2582	3
2583	2
2584	15
2585	6
2586	14
2587	4
2588	13
2589	3
2590	14
2591	1
2592	17
2593	18
2594	7
2595	7
2596	12
2597	2
2598	12
2599	2
2600	4
2601	7
2602	1
2603	2
2604	11
2605	12
2606	2
2607	15
2608	1
2609	9
2610	16
2611	8
2612	9
2613	18
2614	3
2615	6
2616	4
2617	3
2618	14
2619	6
2620	9
2621	7
2622	4
2623	14
2624	10
2625	12
2626	14
2627	4
2628	18
2629	5
2630	18
2631	3
2632	18
2633	3
2634	3
2635	12
2636	5
2637	5
2638	6
2639	12
2640	9
2641	15
2642	2
2643	16
2644	11
2645	18
2646	7
2647	8
2648	17
2649	14
2650	2
2651	18
2652	10
2653	13
2654	5
2655	6
2656	12
2657	15
2658	13
2659	1
2660	12
2661	9
2662	4
2663	14
2664	3
2665	6
2666	7
2667	12
2668	1
2669	3
2670	10
2671	4
2672	10
2673	7
2674	16
2675	10
2676	11
2677	1
2678	2
2679	3
2680	17
2681	7
2682	3
2683	10
2684	3
2685	17
2686	8
2687	18
2688	1
2689	5
2690	6
2691	4
2692	5
2693	12
2694	18
2695	12
2696	10
2697	1
2698	12
2699	10
2700	8
2701	18
2702	12
2703	5
2704	12
2705	18
2706	2
2707	18
2708	14
2709	15
2710	2
2711	2
2712	9
2713	18
2714	3
2715	10
2716	18
2717	17
2718	17
2719	10
2720	9
2721	17
2722	9
2723	4
2724	17
2725	5
2726	7
2727	10
2728	4
2729	14
2730	12
2731	1
2732	2
2733	12
2734	10
2735	18
2736	6
2737	1
2738	15
2739	7
2740	8
2741	15
2742	6
2743	11
2744	3
2745	6
2746	7
2747	11
2748	10
2749	5
2750	3
2751	12
2752	16
2753	6
2754	13
2755	9
2756	3
2757	4
2758	14
2759	5
2760	2
2761	16
2762	6
2763	12
2764	10
2765	12
2766	11
2767	10
2768	12
2769	14
2770	11
2771	4
2772	8
2773	1
2774	14
2775	12
2776	11
2777	17
2778	10
2779	2
2780	7
2781	17
2782	15
2783	7
2784	18
2785	18
2786	14
2787	6
2788	18
2789	11
2790	18
2791	7
2792	4
2793	12
2794	17
2795	7
2796	8
2797	7
2798	12
2799	9
2800	7
2801	3
2802	17
2803	16
2804	12
2805	10
2806	2
2807	18
2808	8
2809	4
2810	3
2811	12
2812	12
2813	7
2814	4
2815	16
2816	12
2817	13
2818	7
2819	4
2820	3
2821	18
2822	4
2823	18
2824	9
2825	17
2826	2
2827	10
2828	13
2829	9
2830	15
2831	7
2832	1
2833	7
2834	4
2835	9
2836	2
2837	6
2838	12
2839	3
2840	6
2841	16
2842	4
2843	10
2844	12
2845	12
2846	1
2847	2
2848	6
2849	8
2850	7
2851	4
2852	18
2853	18
2854	1
2855	12
2856	10
2857	16
2858	12
2859	9
2860	16
2861	2
2862	9
2863	14
2864	16
2865	6
2866	2
2867	14
2868	1
2869	5
2870	7
2871	4
2872	5
2873	7
2874	14
2875	1
2876	18
2877	11
2878	14
2879	12
2880	3
2881	2
2882	14
2883	1
2884	5
2885	16
2886	2
2887	10
2888	13
2889	11
2890	18
2891	12
2892	3
2893	13
2894	14
2895	14
2896	6
2897	10
2898	3
2899	11
2900	5
2901	2
2902	7
2903	18
2904	17
2905	15
2906	10
2907	4
2908	10
2909	15
2910	4
2911	15
2912	12
2913	12
2914	16
2915	9
2916	7
2917	12
2918	15
2919	13
2920	10
2921	4
2922	6
2923	18
2924	13
2925	6
2926	18
2927	5
2928	7
2929	18
2930	14
2931	3
2932	6
2933	13
2934	18
2935	2
2936	8
2937	2
2938	3
2939	13
2940	6
2941	7
2942	12
2943	7
2944	17
2945	5
2946	4
2947	5
2948	7
2949	3
2950	9
2951	13
2952	8
2953	1
2954	5
2955	18
2956	12
2957	12
2958	12
2959	7
2960	3
2961	13
2962	4
2963	1
2964	16
2965	6
2966	4
2967	3
2968	1
2969	7
2970	12
2971	12
2972	10
2973	12
2974	4
2975	16
2976	18
2977	18
2978	10
2979	18
2980	17
2981	2
2982	9
2983	12
2984	2
2985	7
2986	7
2987	11
2988	10
2989	1
2990	1
2991	17
2992	17
2993	14
2994	3
2995	6
2996	4
2997	12
2998	3
2999	11
3000	7
3001	6
3002	13
3003	2
3004	6
3005	10
3006	7
3007	1
3008	5
3009	4
3010	18
3011	10
3012	3
3013	7
3014	7
3015	6
3016	11
3017	15
3018	18
3019	6
3020	16
3021	18
3022	17
3023	8
3024	2
3025	12
3026	13
3027	10
3028	14
3029	4
3030	15
3031	6
3032	12
3033	1
3034	7
3035	14
3036	9
3037	17
3038	12
3039	16
3040	2
3041	15
3042	15
3043	6
3044	12
3045	9
3046	2
3047	16
3048	14
3049	18
3050	10
3051	4
3052	12
3053	12
3054	9
3055	15
3056	16
3057	12
3058	2
3059	15
3060	3
3061	16
3062	4
3063	4
3064	3
3065	2
3066	7
3067	16
3068	17
3069	10
3070	3
3071	14
3072	9
3073	14
3074	14
3075	3
3076	3
3077	12
3078	17
3079	13
3080	7
3081	3
3082	3
3083	18
3084	9
3085	2
3086	16
3087	6
3088	3
3089	18
3090	13
3091	4
3092	5
3093	17
3094	3
3095	7
3096	17
3097	9
3098	9
3099	6
3100	4
3101	15
3102	4
3103	16
3104	4
3105	2
3106	13
3107	1
3108	15
3109	14
3110	12
3111	3
3112	5
3113	9
3114	17
3115	11
3116	18
3117	12
3118	18
3119	9
3120	4
3121	18
3122	6
3123	12
3124	15
3125	10
3126	12
3127	12
3128	10
3129	4
3130	10
3131	1
3132	6
3133	6
3134	15
3135	18
3136	14
3137	4
3138	14
3139	8
3140	10
3141	4
3142	4
3143	6
3144	13
3145	14
3146	4
3147	4
3148	3
3149	2
3150	15
3151	8
3152	11
3153	12
3154	8
3155	17
3156	3
3157	15
3158	4
3159	18
3160	5
3161	10
3162	1
3163	13
3164	9
3165	14
3166	1
3167	4
3168	4
3169	13
3170	15
3171	3
3172	12
3173	2
3174	12
3175	15
3176	9
3177	16
3178	1
3179	12
3180	3
3181	1
3182	1
3183	12
3184	16
3185	13
3186	3
3187	14
3188	6
3189	8
3190	14
3191	14
3192	6
3193	7
3194	6
3195	13
3196	17
3197	10
3198	1
3199	4
3200	3
3201	17
3202	9
3203	3
3204	14
3205	16
3206	12
3207	3
3208	4
3209	8
3210	15
3211	17
3212	4
3213	12
3214	12
3215	13
3216	5
3217	14
3218	14
3219	10
3220	12
3221	4
3222	6
3223	5
3224	7
3225	14
3226	1
3227	6
3228	12
3229	9
3230	8
3231	1
3232	12
3233	1
3234	4
3235	12
3236	15
3237	3
3238	7
3239	2
3240	10
3241	3
3242	3
3243	8
3244	7
3245	11
3246	2
3247	3
3248	5
3249	8
3250	5
3251	6
3252	16
3253	6
3254	9
3255	6
3256	7
3257	3
3258	7
3259	15
3260	3
3261	4
3262	3
3263	6
3264	5
3265	18
3266	14
3267	17
3268	3
3269	14
3270	14
3271	6
3272	2
3273	14
3274	7
3275	17
3276	7
3277	10
3278	15
3279	10
3280	13
3281	3
3282	3
3283	1
3284	17
3285	13
3286	4
3287	7
3288	10
3289	3
3290	10
3291	10
3292	17
3293	2
3294	1
3295	6
3296	13
3297	15
3298	12
3299	3
3300	2
3301	4
3302	6
3303	18
3304	15
3305	17
3306	3
3307	2
3308	14
3309	3
3310	12
3311	3
3312	14
3313	14
3314	6
3315	12
3316	15
3317	6
3318	3
3319	9
3320	12
3321	4
3322	15
3323	1
3324	1
3325	12
3326	1
3327	5
3328	9
3329	3
3330	3
3331	2
3332	14
3333	5
3334	12
3335	4
3336	6
3337	4
3338	12
3339	3
3340	18
3341	4
3342	7
3343	2
3344	10
3345	10
3346	10
3347	8
3348	9
3349	3
3350	3
3351	3
3352	3
3353	4
3354	4
3355	3
3356	7
3357	18
3358	7
3359	10
3360	12
3361	18
3362	12
3363	1
3364	8
3365	18
3366	1
3367	14
3368	14
3369	14
3370	12
3371	3
3372	8
3373	4
3374	3
3375	17
3376	3
3377	9
3378	2
3379	11
3380	12
3381	3
3382	16
3383	15
3384	6
3385	14
3386	7
3387	12
3388	8
3389	3
3390	9
3391	3
3392	1
3393	13
3394	14
3395	3
3396	15
3397	10
3398	16
3399	4
3400	9
3401	18
3402	4
3403	8
3404	1
3405	17
3406	5
3407	10
3408	1
3409	18
3410	2
3411	10
3412	10
3413	12
3414	9
3415	18
3416	12
3417	17
3418	4
3419	4
3420	12
3421	11
3422	12
3423	4
3424	18
3425	15
3426	1
3427	14
3428	7
3429	16
3430	13
3431	4
3432	4
3433	8
3434	7
3435	18
3436	7
3437	14
3438	12
3439	1
3440	7
3441	16
3442	14
3443	12
3444	12
3445	6
3446	6
3447	10
3448	15
3449	10
3450	4
3451	2
3452	1
3453	5
3454	3
3455	17
3456	15
3457	4
3458	5
3459	17
3460	15
3461	12
3462	5
3463	10
3464	1
3465	15
3466	6
3467	16
3468	4
3469	16
3470	10
3471	1
3472	3
3473	2
3474	14
3475	1
3476	12
3477	8
3478	12
3479	9
3480	3
3481	1
3482	4
3483	11
3484	4
3485	9
3486	12
3487	14
3488	12
3489	18
3490	18
3491	3
3492	6
3493	13
3494	3
3495	8
3496	10
3497	7
3498	16
3499	15
3500	10
3501	14
3502	11
3503	1
3504	17
3505	13
3506	18
3507	6
3508	5
3509	1
3510	4
3511	14
3512	15
3513	9
3514	16
3515	4
3516	11
3517	18
3518	3
3519	3
3520	1
3521	8
3522	9
3523	7
3524	3
3525	4
3526	1
3527	7
3528	2
3529	17
3530	4
3531	13
3532	7
3533	14
3534	9
3535	6
3536	4
3537	2
3538	14
3539	18
3540	4
3541	15
3542	12
3543	11
3544	6
3545	17
3546	14
3547	10
3548	10
3549	12
3550	2
3551	4
3552	3
3553	4
3554	18
3555	10
3556	4
3557	3
3558	17
3559	2
3560	5
3561	9
3562	3
3563	1
3564	11
3565	3
3566	7
3567	7
3568	4
3569	13
3570	5
3571	10
3572	3
3573	9
3574	9
3575	1
3576	2
3577	12
3578	7
3579	4
3580	14
3581	5
3582	3
3583	7
3584	8
3585	2
3586	3
3587	2
3588	13
3589	5
3590	15
3591	18
3592	6
3593	3
3594	6
3595	11
3596	3
3597	4
3598	5
3599	12
3600	18
3601	16
3602	14
3603	4
3604	15
3605	11
3606	16
3607	9
3608	4
3609	1
3610	10
3611	12
3612	3
3613	7
3614	14
3615	17
3616	17
3617	16
3618	12
3619	10
3620	4
3621	4
3622	3
3623	15
3624	9
3625	14
3626	14
3627	14
3628	14
3629	18
3630	15
3631	12
3632	15
3633	17
3634	12
3635	16
3636	6
3637	11
3638	10
3639	12
3640	6
3641	18
3642	5
3643	14
3644	3
3645	2
3646	6
3647	2
3648	12
3649	12
3650	3
3651	2
3652	12
3653	3
3654	1
3655	14
3656	9
3657	2
3658	10
3659	1
3660	12
3661	10
3662	8
3663	17
3664	4
3665	3
3666	12
3667	8
3668	16
3669	7
3670	1
3671	17
3672	3
3673	7
3674	4
3675	8
3676	18
3677	3
3678	1
3679	16
3680	16
3681	2
3682	3
3683	6
3684	3
3685	18
3686	2
3687	8
3688	3
3689	13
3690	2
3691	9
3692	1
3693	3
3694	9
3695	9
3696	6
3697	15
3698	6
3699	16
3700	6
3701	1
3702	18
3703	6
3704	10
3705	3
3706	15
3707	12
3708	10
3709	14
3710	15
3711	5
3712	16
3713	1
3714	2
3715	17
3716	4
3717	4
3718	2
3719	4
3720	12
3721	3
3722	12
3723	13
3724	6
3725	3
3726	3
3727	16
3728	14
3729	7
3730	10
3731	7
3732	9
3733	8
3734	2
3735	13
3736	14
3737	4
3738	10
3739	10
3740	7
3741	12
3742	2
3743	3
3744	2
3745	14
3746	6
3747	15
3748	2
3749	6
3750	4
3751	14
3752	8
3753	12
3754	12
3755	6
3756	14
3757	12
3758	2
3759	12
3760	15
3761	2
3762	2
3763	1
3764	11
3765	1
3766	2
3767	4
3768	2
3769	3
3770	12
3771	4
3772	6
3773	1
3774	8
3775	3
3776	4
3777	4
3778	14
3779	10
3780	2
3781	6
3782	18
3783	7
3784	1
3785	6
3786	6
3787	9
3788	12
3789	17
3790	6
3791	2
3792	7
3793	12
3794	12
3795	4
3796	12
3797	3
3798	7
3799	14
3800	17
3801	9
3802	14
3803	11
3804	12
3805	4
3806	14
3807	2
3808	12
3809	7
3810	13
3811	5
3812	11
3813	1
3814	16
3815	3
3816	1
3817	8
3818	9
3819	11
3820	3
3821	12
3822	2
3823	15
3824	2
3825	2
3826	18
3827	6
3828	9
3829	12
3830	9
3831	6
3832	4
3833	1
3834	7
3835	18
3836	14
3837	7
3838	17
3839	1
3840	15
3841	1
3842	5
3843	10
3844	6
3845	16
3846	16
3847	12
3848	4
3849	9
3850	7
3851	1
3852	10
3853	8
3854	18
3855	1
3856	3
3857	10
3858	18
3859	5
3860	12
3861	2
3862	3
3863	9
3864	1
3865	10
3866	6
3867	13
3868	6
3869	7
3870	13
3871	7
3872	10
3873	5
3874	4
3875	15
3876	11
3877	1
3878	4
3879	16
3880	10
3881	7
3882	2
3883	2
3884	11
3885	7
3886	5
3887	2
3888	4
3889	1
3890	16
3891	6
3892	15
3893	14
3894	2
3895	11
3896	1
3897	17
3898	4
3899	14
3900	6
3901	16
3902	4
3903	2
3904	1
3905	16
3906	9
3907	6
3908	3
3909	15
3910	3
3911	4
3912	2
3913	3
3914	12
3915	17
3916	15
3917	1
3918	3
3919	18
3920	12
3921	10
3922	3
3923	16
3924	12
3925	4
3926	4
3927	2
3928	4
3929	4
3930	2
3931	8
3932	13
3933	12
3934	3
3935	15
3936	17
3937	17
3938	6
3939	3
3940	1
3941	11
3942	2
3943	11
3944	18
3945	3
3946	11
3947	4
3948	10
3949	6
3950	17
3951	2
3952	7
3953	15
3954	14
3955	12
3956	7
3957	12
3958	17
3959	4
3960	6
3961	9
3962	13
3963	14
3964	4
3965	6
3966	16
3967	2
3968	12
3969	14
3970	15
3971	12
3972	3
3973	6
3974	5
3975	4
3976	2
3977	12
3978	9
3979	10
3980	4
3981	14
3982	3
3983	9
3984	7
3985	1
3986	14
3987	1
3988	1
3989	16
3990	1
3991	3
3992	5
3993	14
3994	6
3995	10
3996	15
3997	14
3998	3
3999	6
4000	8
4001	12
4002	7
4003	17
4004	4
4005	13
4006	1
4007	4
4008	16
4009	3
4010	12
4011	9
4012	3
4013	7
4014	7
4015	10
4016	2
4017	1
4018	6
4019	6
4020	4
4021	1
4022	1
4023	10
4024	1
4025	10
4026	2
4027	15
4028	11
4029	6
4030	1
4031	10
4032	10
4033	17
4034	16
4035	12
4036	15
4037	4
4038	6
4039	3
4040	6
4041	6
4042	18
4043	4
4044	8
4045	3
4046	2
4047	16
4048	16
4049	3
4050	12
4051	6
4052	1
4053	2
4054	2
4055	13
4056	5
4057	4
4058	1
4059	10
4060	7
4061	2
4062	4
4063	12
4064	3
4065	3
4066	9
4067	1
4068	17
4069	3
4070	11
4071	1
4072	4
4073	3
4074	3
4075	3
4076	3
4077	11
4078	1
4079	4
4080	8
4081	2
4082	1
4083	13
4084	12
4085	4
4086	2
4087	14
4088	14
4089	16
4090	14
4091	18
4092	3
4093	11
4094	4
4095	6
4096	10
4097	15
4098	12
4099	7
4100	6
4101	18
4102	6
4103	13
4104	15
4105	12
4106	18
4107	12
4108	12
4109	16
4110	3
4111	14
4112	14
4113	1
4114	6
4115	4
4116	1
4117	3
4118	7
4119	4
4120	4
4121	1
4122	17
4123	1
4124	17
4125	16
4126	4
4127	11
4128	4
4129	2
4130	3
4131	3
4132	3
4133	3
4134	12
4135	3
4136	8
4137	3
4138	3
4139	13
4140	17
4141	15
4142	12
4143	3
4144	5
4145	4
4146	15
4147	15
4148	13
4149	2
4150	18
4151	10
4152	12
4153	2
4154	1
4155	14
4156	13
4157	1
4158	1
4159	12
4160	4
4161	14
4162	9
4163	8
4164	1
4165	18
4166	12
4167	13
4168	7
4169	12
4170	2
4171	6
4172	12
4173	1
4174	11
4175	10
4176	14
4177	5
4178	15
4179	16
4180	2
4181	12
4182	7
4183	3
4184	11
4185	10
4186	7
4187	18
4188	4
4189	3
4190	18
4191	2
4192	3
4193	2
4194	2
4195	10
4196	18
4197	1
4198	10
4199	12
4200	4
4201	3
4202	3
4203	5
4204	1
4205	6
4206	7
4207	6
4208	17
4209	3
4210	18
4211	13
4212	18
4213	2
4214	15
4215	7
4216	2
4217	4
4218	4
4219	15
4220	4
4221	6
4222	4
4223	7
4224	9
4225	4
4226	3
4227	6
4228	5
4229	2
4230	6
4231	12
4232	14
4233	6
4234	12
4235	1
4236	1
4237	10
4238	5
4239	14
4240	9
4241	10
4242	12
4243	14
4244	9
4245	17
4246	3
4247	6
4248	10
4249	6
4250	12
4251	6
4252	4
4253	3
4254	4
4255	1
4256	4
4257	16
4258	2
4259	8
4260	8
4261	3
4262	15
4263	6
4264	3
4265	4
4266	18
4267	12
4268	7
4269	3
4270	4
4271	14
4272	12
4273	14
4274	4
4275	8
4276	1
4277	18
4278	8
4279	15
4280	10
4281	2
4282	17
4283	3
4284	2
4285	3
4286	4
4287	4
4288	3
4289	1
4290	18
4291	18
4292	12
4293	3
4294	3
4295	15
4296	3
4297	2
4298	4
4299	17
4300	13
4301	10
4302	10
4303	15
4304	1
4305	12
4306	1
4307	11
4308	4
4309	9
4310	3
4311	4
4312	18
4313	10
4314	10
4315	3
4316	16
4317	15
4318	12
4319	7
4320	17
4321	6
4322	7
4323	9
4324	12
4325	8
4326	7
4327	15
4328	12
4329	3
4330	3
4331	4
4332	4
4333	1
4334	16
4335	10
4336	2
4337	5
4338	2
4339	1
4340	12
4341	9
4342	14
4343	3
4344	17
4345	12
4346	12
4347	12
4348	12
4349	6
4350	13
4351	4
4352	16
4353	13
4354	12
4355	13
4356	5
4357	7
4358	3
4359	18
4360	14
4361	1
4362	12
4363	15
4364	18
4365	1
4366	14
4367	14
4368	3
4369	12
4370	11
4371	4
4372	6
4373	3
4374	13
4375	7
4376	12
4377	4
4378	16
4379	3
4380	11
4381	15
4382	7
4383	4
4384	12
4385	3
4386	3
4387	3
4388	12
4389	4
4390	14
4391	2
4392	16
4393	6
4394	6
4395	15
4396	1
4397	4
4398	8
4399	4
4400	3
4401	2
4402	9
4403	12
4404	7
4405	7
4406	15
4407	11
4408	18
4409	7
4410	10
4411	17
4412	3
4413	14
4414	6
4415	18
4416	13
4417	10
4418	15
4419	5
4420	7
4421	4
4422	10
4423	11
4424	14
4425	18
4426	6
4427	7
4428	7
4429	3
4430	3
4431	3
4432	2
4433	10
4434	18
4435	8
4436	14
4437	15
4438	7
4439	3
4440	14
4441	13
4442	7
4443	1
4444	10
4445	10
4446	9
4447	4
4448	17
4449	10
4450	12
4451	7
4452	6
4453	18
4454	14
4455	1
4456	18
4457	15
4458	16
4459	15
4460	14
4461	2
4462	17
4463	12
4464	14
4465	11
4466	13
4467	5
4468	7
4469	3
4470	16
4471	11
4472	6
4473	2
4474	13
4475	12
4476	15
4477	3
4478	3
4479	12
4480	1
4481	10
4482	12
4483	3
4484	3
4485	7
4486	7
4487	11
4488	13
4489	11
4490	2
4491	2
4492	14
4493	15
4494	10
4495	12
4496	6
4497	5
4498	8
4499	14
4500	3
4501	1
4502	2
4503	10
4504	1
4505	14
4506	16
4507	2
4508	12
4509	4
4510	14
4511	12
4512	4
4513	2
4514	12
4515	17
4516	2
4517	4
4518	18
4519	8
4520	3
4521	4
4522	6
4523	15
4524	12
4525	10
4526	18
4527	4
4528	11
4529	10
4530	4
4531	8
4532	10
4533	6
4534	1
4535	3
4536	10
4537	2
4538	11
4539	11
4540	14
4541	11
4542	3
4543	6
4544	6
4545	17
4546	15
4547	12
4548	9
4549	7
4550	15
4551	4
4552	13
4553	11
4554	16
4555	4
4556	9
4557	5
4558	5
4559	3
4560	12
4561	7
4562	15
4563	8
4564	2
4565	15
4566	4
4567	7
4568	9
4569	6
4570	10
4571	10
4572	14
4573	1
4574	10
4575	4
4576	9
4577	3
4578	14
4579	10
4580	4
4581	3
4582	4
4583	4
4584	6
4585	7
4586	12
4587	16
4588	4
4589	10
4590	18
4591	4
4592	10
4593	5
4594	3
4595	3
4596	2
4597	3
4598	12
4599	2
4600	9
4601	15
4602	10
4603	9
4604	14
4605	10
4606	2
4607	12
4608	14
4609	4
4610	15
4611	8
4612	17
4613	6
4614	1
4615	8
4616	4
4617	18
4618	3
4619	15
4620	2
4621	4
4622	4
4623	10
4624	3
4625	14
4626	3
4627	17
4628	9
4629	3
4630	6
4631	15
4632	7
4633	14
4634	14
4635	4
4636	3
4637	3
4638	10
4639	15
4640	14
4641	16
4642	6
4643	2
4644	5
4645	2
4646	3
4647	4
4648	6
4649	2
4650	15
4651	13
4652	14
4653	1
4654	3
4655	14
4656	8
4657	3
4658	4
4659	18
4660	15
4661	16
4662	17
4663	14
4664	7
4665	4
4666	14
4667	1
4668	13
4669	3
4670	16
4671	7
4672	14
4673	2
4674	14
4675	3
4676	12
4677	10
4678	7
4679	9
4680	6
4681	16
4682	15
4683	10
4684	4
4685	7
4686	4
4687	9
4688	2
4689	5
4690	3
4691	6
4692	4
4693	12
4694	8
4695	13
4696	6
4697	15
4698	15
4699	5
4700	7
4701	8
4702	17
4703	10
4704	3
4705	11
4706	15
4707	1
4708	1
4709	7
4710	7
4711	4
4712	13
4713	5
4714	14
4715	12
4716	4
4717	12
4718	7
4719	18
4720	16
4721	18
4722	15
4723	13
4724	12
4725	18
4726	6
4727	1
4728	7
4729	5
4730	10
4731	13
4732	18
4733	6
4734	7
4735	3
4736	17
4737	16
4738	4
4739	12
4740	15
4741	16
4742	9
4743	1
4744	3
4745	9
4746	1
4747	1
4748	2
4749	3
4750	14
4751	2
4752	15
4753	12
4754	13
4755	18
4756	9
4757	15
4758	9
4759	4
4760	7
4761	4
4762	12
4763	11
4764	17
4765	12
4766	3
4767	3
4768	3
4769	16
4770	1
4771	6
4772	16
4773	12
4774	6
4775	1
4776	18
4777	11
4778	2
4779	12
4780	3
4781	10
4782	3
4783	7
4784	7
4785	15
4786	11
4787	13
4788	3
4789	16
4790	6
4791	3
4792	18
4793	14
4794	3
4795	4
4796	10
4797	7
4798	16
4799	14
4800	7
4801	12
4802	4
4803	6
4804	17
4805	1
4806	4
4807	1
4808	1
4809	5
4810	17
4811	14
4812	7
4813	7
4814	1
4815	6
4816	1
4817	1
4818	3
4819	18
4820	2
4821	11
4822	1
4823	9
4824	7
4825	1
4826	4
4827	6
4828	15
4829	1
4830	7
4831	3
4832	9
4833	4
4834	13
4835	6
4836	7
4837	17
4838	3
4839	8
4840	16
4841	18
4842	6
4843	3
4844	3
4845	9
4846	2
4847	18
4848	17
4849	8
4850	10
4851	3
4852	3
4853	18
4854	5
4855	1
4856	6
4857	17
4858	2
4859	4
4860	4
4861	3
4862	6
4863	4
4864	2
4865	15
4866	17
4867	15
4868	18
4869	17
4870	3
4871	3
4872	5
4873	4
4874	11
4875	16
4876	10
4877	6
4878	4
4879	3
4880	14
4881	13
4882	17
4883	4
4884	2
4885	9
4886	3
4887	6
4888	2
4889	15
4890	18
4891	15
4892	4
4893	2
4894	16
4895	3
4896	10
4897	16
4898	2
4899	13
4900	2
4901	7
4902	2
4903	10
4904	12
4905	4
4906	14
4907	16
4908	5
4909	10
4910	6
4911	15
4912	11
4913	7
4914	12
4915	16
4916	6
4917	15
4918	12
4919	4
4920	15
4921	5
4922	15
4923	15
4924	10
4925	9
4926	12
4927	6
4928	6
4929	17
4930	2
4931	3
4932	4
4933	2
4934	14
4935	16
4936	14
4937	11
4938	7
4939	12
4940	12
4941	4
4942	2
4943	16
4944	13
4945	9
4946	15
4947	15
4948	8
4949	10
4950	18
4951	13
4952	13
4953	7
4954	4
4955	10
4956	3
4957	6
4958	12
4959	7
4960	12
4961	6
4962	4
4963	9
4964	9
4965	3
4966	4
4967	15
4968	5
4969	3
4970	14
4971	12
4972	6
4973	3
4974	12
4975	9
4976	6
4977	18
4978	9
4979	4
4980	14
4981	12
4982	7
4983	18
4984	7
4985	2
4986	17
4987	17
4988	17
4989	14
4990	3
4991	2
4992	4
4993	6
4994	14
4995	2
4996	17
4997	2
4998	12
4999	4
5000	2
5001	15
5002	6
5003	14
5004	16
5005	18
5006	9
5007	18
5008	15
5009	2
5010	2
5011	16
5012	17
5013	9
5014	4
5015	4
5016	2
5017	11
5018	5
5019	14
5020	12
5021	16
5022	1
5023	3
5024	3
5025	9
5026	13
5027	18
5028	12
5029	1
5030	7
5031	6
5032	1
5033	6
5034	15
5035	12
5036	5
5037	12
5038	3
5039	13
5040	12
5041	3
5042	1
5043	15
5044	8
5045	1
5046	8
5047	2
5048	10
5049	3
5050	16
5051	3
5052	5
5053	9
5054	10
5055	15
5056	10
5057	3
5058	4
5059	9
5060	15
5061	17
5062	13
5063	15
5064	4
5065	7
5066	17
5067	6
5068	14
5069	4
5070	4
5071	11
5072	4
5073	15
5074	6
5075	5
5076	8
5077	14
5078	1
5079	7
5080	1
5081	16
5082	10
5083	6
5084	2
5085	1
5086	4
5087	5
5088	12
5089	9
5090	10
5091	10
5092	1
5093	7
5094	4
5095	4
5096	18
5097	14
5098	6
5099	3
5100	4
5101	11
5102	14
5103	12
5104	6
5105	9
5106	15
5107	9
5108	14
5109	2
5110	7
5111	1
5112	12
5113	7
5114	13
5115	11
5116	8
5117	1
5118	17
5119	9
5120	1
5121	6
5122	12
5123	8
5124	2
5125	12
5126	12
5127	1
5128	4
5129	18
5130	16
5131	3
5132	5
5133	4
5134	11
5135	3
5136	13
5137	3
5138	12
5139	3
5140	11
5141	10
5142	12
5143	15
5144	2
5145	9
5146	13
5147	13
5148	17
5149	13
5150	9
5151	3
5152	1
5153	2
5154	16
5155	15
5156	7
5157	16
5158	7
5159	4
5160	3
5161	14
5162	3
5163	6
5164	10
5165	4
5166	2
5167	3
5168	3
5169	3
5170	6
5171	8
5172	3
5173	15
5174	15
5175	7
5176	4
5177	13
5178	7
5179	1
5180	12
5181	10
5182	14
5183	4
5184	18
5185	4
5186	6
5187	10
5188	10
5189	17
5190	17
5191	12
5192	9
5193	17
5194	17
5195	17
5196	13
5197	4
5198	3
5199	4
5200	7
5201	7
5202	12
5203	14
5204	1
5205	12
5206	17
5207	3
5208	7
5209	17
5210	2
5211	10
5212	4
5213	3
5214	4
5215	16
5216	5
5217	10
5218	16
5219	2
5220	7
5221	11
5222	9
5223	12
5224	14
5225	18
5226	4
5227	14
5228	11
5229	12
5230	18
5231	3
5232	18
5233	11
5234	10
5235	6
5236	15
5237	4
5238	11
5239	9
5240	12
5241	7
5242	9
5243	12
5244	13
5245	9
5246	2
5247	7
5248	5
5249	14
5250	3
5251	6
5252	1
5253	16
5254	14
5255	16
5256	2
5257	17
5258	9
5259	18
5260	5
5261	9
5262	8
5263	11
5264	17
5265	18
5266	12
5267	7
5268	18
5269	18
5270	4
5271	2
5272	8
5273	18
5274	13
5275	4
5276	4
5277	2
5278	16
5279	18
5280	12
5281	8
5282	7
5283	11
5284	12
5285	3
5286	15
5287	6
5288	5
5289	12
5290	3
5291	11
5292	7
5293	1
5294	12
5295	12
5296	4
5297	12
5298	6
5299	12
5300	1
5301	4
5302	7
5303	12
5304	3
5305	2
5306	11
5307	12
5308	9
5309	6
5310	11
5311	3
5312	6
5313	13
5314	14
5315	15
5316	18
5317	3
5318	4
5319	6
5320	12
5321	2
5322	1
5323	8
5324	9
5325	2
5326	6
5327	9
5328	16
5329	3
5330	8
5331	4
5332	12
5333	15
5334	3
5335	3
5336	1
5337	11
5338	10
5339	1
5340	17
5341	13
5342	12
5343	14
5344	14
5345	17
5346	9
5347	13
5348	13
5349	12
5350	3
5351	6
5352	10
5353	6
5354	18
5355	12
5356	5
5357	6
5358	10
5359	15
5360	3
5361	7
5362	1
5363	14
5364	3
5365	4
5366	12
5367	4
5368	7
5369	7
5370	4
5371	2
5372	16
5373	1
5374	5
5375	16
5376	7
5377	11
5378	18
5379	3
5380	14
5381	2
5382	2
5383	14
5384	17
5385	3
5386	17
5387	2
5388	6
5389	4
5390	3
5391	3
5392	17
5393	1
5394	2
5395	12
5396	14
5397	17
5398	1
5399	5
5400	10
5401	10
5402	18
5403	9
5404	18
5405	1
5406	6
5407	3
5408	18
5409	7
5410	15
5411	4
5412	9
5413	12
5414	17
5415	18
5416	9
5417	10
5418	4
5419	4
5420	9
5421	4
5422	7
5423	15
5424	18
5425	9
5426	3
5427	15
5428	9
5429	8
5430	7
5431	7
5432	15
5433	4
5434	12
5435	6
5436	4
5437	17
5438	12
5439	4
5440	3
5441	6
5442	3
5443	18
5444	8
5445	2
5446	3
5447	4
5448	11
5449	10
5450	10
5451	6
5452	4
5453	13
5454	7
5455	1
5456	3
5457	2
5458	4
5459	3
5460	4
5461	12
5462	12
5463	3
5464	2
5465	17
5466	1
5467	4
5468	1
5469	17
5470	1
5471	12
5472	4
5473	12
5474	15
5475	15
5476	2
5477	13
5478	1
5479	1
5480	14
5481	18
5482	7
5483	3
5484	12
5485	3
5486	12
5487	17
5488	10
5489	6
5490	4
5491	18
5492	5
5493	3
5494	8
5495	18
5496	14
5497	15
5498	12
5499	4
5500	7
5501	10
5502	10
5503	17
5504	14
5505	3
5506	5
5507	1
5508	8
5509	7
5510	3
5511	4
5512	2
5513	18
5514	2
5515	12
5516	7
5517	12
5518	9
5519	7
5520	11
5521	12
5522	8
5523	2
5524	3
5525	9
5526	3
5527	17
5528	11
5529	4
5530	2
5531	3
5532	12
5533	10
5534	14
5535	13
5536	3
5537	3
5538	9
5539	17
5540	1
5541	11
5542	11
5543	7
5544	7
5545	15
5546	13
5547	13
5548	11
5549	8
5550	11
5551	12
5552	11
5553	1
5554	4
5555	13
5556	6
5557	10
5558	12
5559	3
5560	3
5561	3
5562	18
5563	6
5564	8
5565	13
5566	6
5567	14
5568	12
5569	7
5570	4
5571	12
5572	18
5573	10
5574	15
5575	6
5576	18
5577	4
5578	14
5579	18
5580	11
5581	7
5582	12
5583	3
5584	4
5585	6
5586	2
5587	6
5588	6
5589	15
5590	15
5591	6
5592	12
5593	16
5594	8
5595	12
5596	4
5597	3
5598	4
5599	6
5600	3
5601	15
5602	6
5603	11
5604	2
5605	2
5606	12
5607	18
5608	8
5609	10
5610	7
5611	10
5612	11
5613	6
5614	12
5615	3
5616	14
5617	17
5618	4
5619	2
5620	4
5621	8
5622	15
5623	13
5624	5
5625	1
5626	15
5627	7
5628	17
5629	10
5630	6
5631	3
5632	10
5633	7
5634	1
5635	12
5636	5
5637	5
5638	2
5639	3
5640	1
5641	15
5642	6
5643	15
5644	8
5645	13
5646	5
5647	5
5648	4
5649	3
5650	3
5651	2
5652	3
5653	2
5654	13
5655	3
5656	6
5657	7
5658	18
5659	1
5660	5
5661	11
5662	10
5663	9
5664	5
5665	6
5666	12
5667	5
5668	8
5669	1
5670	17
5671	15
5672	9
5673	7
5674	12
5675	3
5676	10
5677	14
5678	1
5679	6
5680	16
5681	12
5682	5
5683	11
5684	1
5685	6
5686	6
5687	12
5688	15
5689	1
5690	2
5691	4
5692	14
5693	4
5694	5
5695	3
5696	8
5697	8
5698	11
5699	1
5700	7
5701	5
5702	6
5703	17
5704	1
5705	3
5706	17
5707	3
5708	12
5709	9
5710	6
5711	4
5712	13
5713	4
5714	7
5715	15
5716	7
5717	3
5718	6
5719	4
5720	4
5721	3
5722	13
5723	4
5724	3
5725	18
5726	3
5727	2
5728	10
5729	9
5730	12
5731	3
5732	16
5733	15
5734	11
5735	18
5736	1
5737	10
5738	17
5739	4
5740	4
5741	17
5742	13
5743	7
5744	12
5745	15
5746	15
5747	11
5748	18
5749	2
5750	4
5751	13
5752	7
5753	18
5754	11
5755	4
5756	13
5757	6
5758	8
5759	18
5760	3
5761	12
5762	14
5763	7
5764	12
5765	1
5766	9
5767	9
5768	14
5769	11
5770	6
5771	6
5772	11
5773	3
5774	7
5775	16
5776	12
5777	15
5778	3
5779	1
5780	6
5781	7
5782	13
5783	8
5784	12
5785	1
5786	6
5787	7
5788	17
5789	3
5790	4
5791	18
5792	15
5793	6
5794	4
5795	3
5796	17
5797	2
5798	9
5799	16
5800	10
5801	8
5802	11
5803	12
5804	4
5805	10
5806	10
5807	12
5808	2
5809	4
5810	8
5811	6
5812	4
5813	17
5814	14
5815	1
5816	11
5817	13
5818	12
5819	14
5820	10
5821	3
5822	13
5823	5
5824	13
5825	14
5826	12
5827	17
5828	1
5829	15
5830	14
5831	3
5832	16
5833	18
5834	3
5835	10
5836	12
5837	18
5838	5
5839	6
5840	12
5841	3
5842	5
5843	15
5844	6
5845	13
5846	11
5847	12
5848	12
5849	9
5850	3
5851	4
5852	11
5853	8
5854	18
5855	8
5856	14
5857	12
5858	18
5859	4
5860	9
5861	1
5862	12
5863	10
5864	4
5865	12
5866	13
5867	12
5868	2
5869	12
5870	8
5871	12
5872	6
5873	6
5874	16
5875	3
5876	7
5877	7
5878	12
5879	7
5880	4
5881	11
5882	4
5883	4
5884	4
5885	1
5886	5
5887	1
5888	14
5889	14
5890	17
5891	9
5892	17
5893	3
5894	7
5895	6
5896	11
5897	9
5898	14
5899	2
5900	7
5901	4
5902	3
5903	8
5904	1
5905	3
5906	16
5907	4
5908	7
5909	17
5910	6
5911	18
5912	11
5913	1
5914	11
5915	10
5916	7
5917	14
5918	2
5919	16
5920	14
5921	3
5922	15
5923	1
5924	12
5925	12
5926	9
5927	1
5928	15
5929	1
5930	3
5931	12
5932	18
5933	9
5934	18
5935	13
5936	12
5937	7
5938	8
5939	12
5940	3
5941	6
5942	2
5943	12
5944	6
5945	12
5946	1
5947	10
5948	16
5949	17
5950	9
5951	18
5952	5
5953	3
5954	1
5955	11
5956	7
5957	3
5958	6
5959	12
5960	4
5961	5
5962	8
5963	13
5964	18
5965	14
5966	6
5967	3
5968	7
5969	12
5970	1
5971	3
5972	4
5973	3
5974	4
5975	17
5976	1
5977	14
5978	18
5979	6
5980	7
5981	1
5982	6
5983	3
5984	6
5985	1
5986	18
5987	10
5988	14
5989	6
5990	6
5991	2
5992	3
5993	9
5994	5
5995	12
5996	15
5997	16
5998	4
5999	9
6000	5
6001	16
6002	14
6003	14
6004	12
6005	6
6006	14
6007	1
6008	4
6009	16
6010	14
6011	13
6012	15
6013	7
6014	7
6015	9
6016	6
6017	6
6018	4
6019	6
6020	4
6021	7
6022	4
6023	17
6024	10
6025	10
6026	4
6027	3
6028	1
6029	15
6030	5
6031	2
6032	10
6033	17
6034	12
6035	3
6036	13
6037	5
6038	9
6039	14
6040	7
6041	9
6042	4
6043	1
6044	14
6045	10
6046	7
6047	10
6048	6
6049	4
6050	3
6051	4
6052	10
6053	17
6054	1
6055	2
6056	2
6057	12
6058	12
6059	9
6060	1
6061	15
6062	3
6063	10
6064	12
6065	14
6066	3
6067	12
6068	4
6069	16
6070	3
6071	3
6072	6
6073	12
6074	14
6075	6
6076	9
6077	16
6078	13
6079	12
6080	10
6081	3
6082	11
6083	18
6084	1
6085	18
6086	15
6087	12
6088	17
6089	6
6090	2
6091	4
6092	14
6093	7
6094	6
6095	7
6096	17
6097	7
6098	5
6099	16
6100	3
6101	9
6102	4
6103	12
6104	6
6105	10
6106	7
6107	18
6108	7
6109	2
6110	12
6111	14
6112	16
6113	12
6114	14
6115	12
6116	18
6117	3
6118	8
6119	14
6120	6
6121	16
6122	4
6123	13
6124	1
6125	12
6126	1
6127	1
6128	1
6129	15
6130	7
6131	6
6132	3
6133	3
6134	14
6135	16
6136	2
6137	1
6138	4
6139	16
6140	12
6141	4
6142	9
6143	4
6144	7
6145	5
6146	4
6147	6
6148	15
6149	14
6150	2
6151	3
6152	9
6153	11
6154	10
6155	18
6156	9
6157	12
6158	10
6159	6
6160	5
6161	3
6162	17
6163	9
6164	8
6165	6
6166	4
6167	16
6168	12
6169	18
6170	18
6171	6
6172	18
6173	16
6174	11
6175	3
6176	12
6177	17
6178	18
6179	3
6180	8
6181	9
6182	1
6183	6
6184	2
6185	16
6186	15
6187	16
6188	9
6189	12
6190	14
6191	3
6192	5
6193	14
6194	16
6195	14
6196	4
6197	4
6198	15
6199	8
6200	7
6201	6
6202	4
6203	13
6204	14
6205	17
6206	7
6207	1
6208	10
6209	16
6210	10
6211	1
6212	16
6213	1
6214	13
6215	8
6216	7
6217	2
6218	15
6219	8
6220	1
6221	6
6222	14
6223	11
6224	13
6225	10
6226	10
6227	7
6228	13
6229	9
6230	12
6231	16
6232	7
6233	4
6234	3
6235	1
6236	16
6237	3
6238	4
6239	3
6240	1
6241	10
6242	18
6243	16
6244	16
6245	6
6246	3
6247	14
6248	4
6249	12
6250	12
6251	4
6252	14
6253	5
6254	3
6255	17
6256	4
6257	6
6258	16
6259	7
6260	16
6261	11
6262	12
6263	13
6264	3
6265	16
6266	3
6267	14
6268	11
6269	3
6270	1
6271	12
6272	3
6273	18
6274	2
6275	10
6276	17
6277	17
6278	18
6279	14
6280	5
6281	5
6282	1
6283	3
6284	18
6285	12
6286	12
6287	6
6288	15
6289	10
6290	2
6291	15
6292	7
6293	13
6294	15
6295	12
6296	15
6297	13
6298	1
6299	1
6300	12
6301	11
6302	18
6303	12
6304	2
6305	1
6306	4
6307	2
6308	12
6309	11
6310	4
6311	18
6312	2
6313	1
6314	1
6315	6
6316	15
6317	3
6318	6
6319	12
6320	6
6321	4
6322	3
6323	3
6324	8
6325	14
6326	17
6327	1
6328	1
6329	10
6330	1
6331	1
6332	4
6333	6
6334	6
6335	13
6336	14
6337	4
6338	3
6339	17
6340	14
6341	3
6342	9
6343	7
6344	18
6345	10
6346	1
6347	5
6348	10
6349	3
6350	4
6351	10
6352	12
6353	10
6354	10
6355	13
6356	6
6357	9
6358	3
6359	16
6360	13
6361	10
6362	7
6363	10
6364	3
6365	18
6366	10
6367	12
6368	3
6369	2
6370	7
6371	3
6372	18
6373	15
6374	9
6375	10
6376	18
6377	6
6378	2
6379	3
6380	16
6381	11
6382	16
6383	3
6384	17
6385	3
6386	5
6387	6
6388	14
6389	6
6390	3
6391	12
6392	13
6393	7
6394	17
6395	13
6396	2
6397	6
6398	1
6399	3
6400	18
6401	5
6402	13
6403	12
6404	15
6405	2
6406	6
6407	15
6408	15
6409	9
6410	13
6411	13
6412	12
6413	7
6414	7
6415	10
6416	7
6417	12
6418	12
6419	11
6420	14
6421	1
6422	18
6423	10
6424	14
6425	7
6426	13
6427	11
6428	7
6429	9
6430	3
6431	2
6432	3
6433	6
6434	18
6435	17
6436	12
6437	11
6438	14
6439	4
6440	3
6441	7
6442	10
6443	1
6444	3
6445	6
6446	3
6447	3
6448	9
6449	12
6450	17
6451	3
6452	4
6453	4
6454	12
6455	13
6456	17
6457	7
6458	12
6459	3
6460	1
6461	3
6462	1
6463	2
6464	3
6465	8
6466	4
6467	10
6468	6
6469	4
6470	4
6471	18
6472	2
6473	7
6474	6
6475	2
6476	7
6477	7
6478	5
6479	6
6480	15
6481	15
6482	14
6483	6
6484	8
6485	12
6486	11
6487	12
6488	14
6489	3
6490	3
6491	9
6492	9
6493	9
6494	10
6495	12
6496	2
6497	2
6498	9
6499	3
6500	12
6501	17
6502	4
6503	17
6504	3
6505	4
6506	6
6507	18
6508	1
6509	2
6510	15
6511	3
6512	8
6513	14
6514	3
6515	11
6516	15
6517	9
6518	5
6519	7
6520	2
6521	12
6522	17
6523	5
6524	4
6525	13
6526	1
6527	6
6528	4
6529	12
6530	15
6531	5
6532	3
6533	9
6534	1
6535	18
6536	4
6537	4
6538	3
6539	1
6540	6
6541	7
6542	7
6543	18
6544	15
6545	4
6546	8
6547	10
6548	12
6549	4
6550	10
6551	14
6552	5
6553	12
6554	2
6555	4
6556	6
6557	14
6558	17
6559	3
6560	18
6561	12
6562	5
6563	2
6564	13
6565	3
6566	7
6567	1
6568	9
6569	2
6570	10
6571	3
6572	12
6573	4
6574	7
6575	2
6576	2
6577	6
6578	2
6579	11
6580	4
6581	1
6582	4
6583	17
6584	6
6585	8
6586	8
6587	4
6588	16
6589	10
6590	2
6591	9
6592	1
6593	12
6594	12
6595	7
6596	4
6597	1
6598	7
6599	13
6600	11
6601	10
6602	9
6603	10
6604	6
6605	7
6606	9
6607	4
6608	4
6609	4
6610	6
6611	3
6612	17
6613	4
6614	4
6615	4
6616	3
6617	18
6618	1
6619	3
6620	6
6621	12
6622	8
6623	3
6624	11
6625	14
6626	10
6627	3
6628	4
6629	9
6630	6
6631	13
6632	14
6633	15
6634	2
6635	2
6636	18
6637	4
6638	13
6639	4
6640	12
6641	11
6642	9
6643	18
6644	14
6645	1
6646	4
6647	7
6648	3
6649	18
6650	6
6651	7
6652	4
6653	12
6654	5
6655	11
6656	10
6657	16
6658	10
6659	2
6660	3
6661	2
6662	9
6663	17
6664	9
6665	7
6666	9
6667	13
6668	12
6669	6
6670	7
6671	15
6672	8
6673	9
6674	7
6675	6
6676	15
6677	4
6678	4
6679	16
6680	18
6681	5
6682	10
6683	5
6684	8
6685	15
6686	15
6687	6
6688	7
6689	12
6690	6
6691	7
6692	12
6693	17
6694	7
6695	14
6696	2
6697	15
6698	16
6699	14
6700	12
6701	3
6702	3
6703	2
6704	1
6705	16
6706	12
6707	16
6708	7
6709	2
6710	2
6711	12
6712	10
6713	2
6714	2
6715	2
6716	6
6717	13
6718	4
6719	18
6720	4
6721	10
6722	18
6723	12
6724	7
6725	16
6726	11
6727	14
6728	10
6729	14
6730	18
6731	14
6732	18
6733	11
6734	6
6735	13
6736	12
6737	12
6738	15
6739	3
6740	4
6741	7
6742	10
6743	7
6744	1
6745	11
6746	16
6747	3
6748	13
6749	13
6750	13
6751	9
6752	7
6753	10
6754	17
6755	5
6756	15
6757	3
6758	1
6759	12
6760	13
6761	7
6762	7
6763	7
6764	13
6765	6
6766	14
6767	4
6768	2
6769	4
6770	3
6771	4
6772	10
6773	3
6774	4
6775	12
6776	3
6777	3
6778	4
6779	17
6780	6
6781	8
6782	1
6783	9
6784	4
6785	18
6786	3
6787	12
6788	14
6789	12
6790	10
6791	17
6792	14
6793	16
6794	4
6795	15
6796	12
6797	18
6798	4
6799	11
6800	6
6801	9
6802	7
6803	4
6804	3
6805	7
6806	10
6807	9
6808	6
6809	3
6810	6
6811	10
6812	1
6813	1
6814	17
6815	9
6816	6
6817	17
6818	10
6819	7
6820	2
6821	4
6822	12
6823	15
6824	3
6825	7
6826	18
6827	18
6828	18
6829	6
6830	18
6831	6
6832	3
6833	4
6834	16
6835	18
6836	3
6837	4
6838	15
6839	10
6840	13
6841	6
6842	4
6843	8
6844	4
6845	15
6846	7
6847	16
6848	8
6849	9
6850	17
6851	12
6852	18
6853	12
6854	2
6855	14
6856	12
6857	14
6858	9
6859	14
6860	12
6861	16
6862	12
6863	15
6864	1
6865	9
6866	7
6867	4
6868	2
6869	1
6870	10
6871	13
6872	6
6873	10
6874	9
6875	12
6876	6
6877	3
6878	3
6879	7
6880	4
6881	4
6882	9
6883	12
6884	4
6885	1
6886	13
6887	6
6888	10
6889	5
6890	12
6891	13
6892	1
6893	2
6894	8
6895	9
6896	17
6897	4
6898	4
6899	7
6900	7
6901	3
6902	7
6903	6
6904	4
6905	15
6906	6
6907	12
6908	12
6909	10
6910	6
6911	10
6912	5
6913	4
6914	5
6915	11
6916	7
6917	9
6918	14
6919	12
6920	15
6921	18
6922	15
6923	3
6924	14
6925	4
6926	3
6927	12
6928	8
6929	12
6930	12
6931	5
6932	3
6933	7
6934	12
6935	11
6936	10
6937	5
6938	12
6939	7
6940	14
6941	3
6942	9
6943	10
6944	15
6945	6
6946	15
6947	13
6948	11
6949	1
6950	7
6951	4
6952	4
6953	16
6954	2
6955	15
6956	3
6957	7
6958	18
6959	4
6960	5
6961	6
6962	2
6963	6
6964	12
6965	4
6966	2
6967	2
6968	17
6969	6
6970	17
6971	10
6972	6
6973	15
6974	17
6975	10
6976	12
6977	13
6978	1
6979	9
6980	14
6981	17
6982	4
6983	14
6984	10
6985	9
6986	7
6987	17
6988	4
6989	6
6990	14
6991	15
6992	1
6993	15
6994	6
6995	1
6996	4
6997	4
6998	10
6999	4
7000	4
7001	3
7002	1
7003	2
7004	1
7005	4
7006	6
7007	4
7008	12
7009	5
7010	3
7011	12
7012	16
7013	7
7014	9
7015	10
7016	3
7017	6
7018	12
7019	11
7020	15
7021	4
7022	10
7023	7
7024	3
7025	7
7026	18
7027	12
7028	11
7029	12
7030	4
7031	6
7032	1
7033	18
7034	9
7035	12
7036	8
7037	10
7038	4
7039	5
7040	12
7041	1
7042	4
7043	9
7044	9
7045	12
7046	3
7047	3
7048	10
7049	11
7050	12
7051	17
7052	7
7053	6
7054	3
7055	14
7056	2
7057	4
7058	5
7059	12
7060	9
7061	10
7062	4
7063	3
7064	9
7065	12
7066	14
7067	6
7068	4
7069	12
7070	6
7071	1
7072	12
7073	4
7074	3
7075	7
7076	14
7077	12
7078	15
7079	7
7080	15
7081	10
7082	4
7083	13
7084	15
7085	1
7086	13
7087	4
7088	6
7089	10
7090	12
7091	10
7092	6
7093	4
7094	5
7095	9
7096	18
7097	16
7098	1
7099	9
7100	6
7101	18
7102	15
7103	17
7104	12
7105	10
7106	3
7107	10
7108	7
7109	14
7110	8
7111	2
7112	12
7113	4
7114	12
7115	12
7116	8
7117	6
7118	13
7119	3
7120	7
7121	6
7122	3
7123	2
7124	12
7125	11
7126	6
7127	15
7128	2
7129	9
7130	6
7131	12
7132	6
7133	1
7134	12
7135	7
7136	12
7137	18
7138	4
7139	4
7140	3
7141	9
7142	12
7143	4
7144	4
7145	15
7146	17
7147	2
7148	9
7149	3
7150	4
7151	4
7152	9
7153	2
7154	7
7155	1
7156	3
7157	9
7158	4
7159	15
7160	1
7161	15
7162	2
7163	1
7164	13
7165	7
7166	10
7167	17
7168	11
7169	3
7170	1
7171	6
7172	9
7173	12
7174	6
7175	6
7176	12
7177	10
7178	18
7179	4
7180	9
7181	16
7182	3
7183	6
7184	7
7185	1
7186	14
7187	12
7188	13
7189	3
7190	3
7191	6
7192	4
7193	15
7194	13
7195	3
7196	9
7197	1
7198	7
7199	1
7200	4
7201	4
7202	16
7203	1
7204	10
7205	16
7206	4
7207	15
7208	3
7209	7
7210	9
7211	5
7212	3
7213	13
7214	9
7215	2
7216	14
7217	4
7218	16
7219	16
7220	11
7221	7
7222	2
7223	3
7224	6
7225	3
7226	2
7227	10
7228	15
7229	7
7230	4
7231	15
7232	7
7233	6
7234	3
7235	12
7236	8
7237	2
7238	10
7239	12
7240	16
7241	1
7242	3
7243	4
7244	17
7245	15
7246	5
7247	7
7248	13
7249	12
7250	18
7251	17
7252	6
7253	11
7254	7
7255	4
7256	3
7257	18
7258	10
7259	13
7260	2
7261	10
7262	14
7263	12
7264	3
7265	12
7266	5
7267	12
7268	12
7269	12
7270	12
7271	1
7272	8
7273	17
7274	12
7275	18
7276	2
7277	12
7278	7
7279	6
7280	1
7281	10
7282	6
7283	1
7284	9
7285	5
7286	1
7287	1
7288	2
7289	14
7290	12
7291	16
7292	3
7293	3
7294	14
7295	2
7296	12
7297	17
7298	8
7299	12
7300	15
7301	16
7302	13
7303	12
7304	7
7305	12
7306	12
7307	4
7308	6
7309	5
7310	7
7311	12
7312	14
7313	2
7314	14
7315	14
7316	14
7317	4
7318	7
7319	3
7320	15
7321	6
7322	2
7323	7
7324	15
7325	16
7326	6
7327	7
7328	5
7329	4
7330	11
7331	9
7332	14
7333	14
7334	12
7335	1
7336	2
7337	2
7338	16
7339	13
7340	12
7341	6
7342	6
7343	18
7344	8
7345	5
7346	3
7347	7
7348	10
7349	12
7350	1
7351	9
7352	12
7353	4
7354	16
7355	12
7356	12
7357	15
7358	12
7359	3
7360	10
7361	13
7362	7
7363	14
7364	15
7365	15
7366	7
7367	12
7368	1
7369	2
7370	9
7371	3
7372	4
7373	12
7374	12
7375	3
7376	4
7377	1
7378	15
7379	9
7380	3
7381	7
7382	10
7383	2
7384	12
7385	1
7386	12
7387	18
7388	7
7389	16
7390	4
7391	18
7392	7
7393	6
7394	3
7395	11
7396	5
7397	1
7398	1
7399	14
7400	1
7401	8
7402	15
7403	13
7404	5
7405	10
7406	4
7407	15
7408	17
7409	2
7410	3
7411	9
7412	11
7413	12
7414	15
7415	1
7416	18
7417	2
7418	17
7419	18
7420	17
7421	5
7422	8
7423	14
7424	10
7425	3
7426	3
7427	2
7428	3
7429	4
7430	18
7431	15
7432	7
7433	3
7434	15
7435	17
7436	14
7437	3
7438	10
7439	1
7440	8
7441	18
7442	15
7443	14
7444	3
7445	10
7446	11
7447	1
7448	7
7449	4
7450	3
7451	17
7452	12
7453	7
7454	14
7455	2
7456	1
7457	8
7458	10
7459	6
7460	18
7461	4
7462	16
7463	2
7464	3
7465	12
7466	15
7467	15
7468	1
7469	12
7470	18
7471	16
7472	18
7473	2
7474	1
7475	1
7476	4
7477	18
7478	17
7479	9
7480	4
7481	18
7482	17
7483	12
7484	4
7485	16
7486	12
7487	9
7488	13
7489	18
7490	3
7491	16
7492	4
7493	13
7494	10
7495	14
7496	9
7497	6
7498	18
7499	12
7500	15
7501	4
7502	5
7503	7
7504	16
7505	15
7506	7
7507	12
7508	4
7509	4
7510	2
7511	10
7512	2
7513	7
7514	1
7515	18
7516	7
7517	5
7518	9
7519	4
7520	15
7521	12
7522	13
7523	12
7524	4
7525	6
7526	4
7527	12
7528	6
7529	13
7530	8
7531	3
7532	18
7533	15
7534	6
7535	1
7536	6
7537	6
7538	17
7539	12
7540	4
7541	11
7542	12
7543	12
7544	4
7545	3
7546	17
7547	5
7548	1
7549	5
7550	9
7551	12
7552	13
7553	7
7554	14
7555	15
7556	4
7557	10
7558	10
7559	9
7560	1
7561	3
7562	10
7563	7
7564	16
7565	18
7566	4
7567	15
7568	3
7569	10
7570	12
7571	5
7572	4
7573	4
7574	6
7575	15
7576	6
7577	4
7578	6
7579	15
7580	15
7581	10
7582	18
7583	9
7584	3
7585	6
7586	4
7587	10
7588	6
7589	5
7590	4
7591	2
7592	2
7593	12
7594	5
7595	1
7596	4
7597	7
7598	1
7599	4
7600	12
7601	6
7602	10
7603	3
7604	1
7605	15
7606	7
7607	10
7608	18
7609	17
7610	4
7611	14
7612	11
7613	6
7614	17
7615	14
7616	12
7617	3
7618	3
7619	3
7620	14
7621	12
7622	2
7623	2
7624	18
7625	7
7626	7
7627	10
7628	15
7629	2
7630	15
7631	10
7632	15
7633	17
7634	12
7635	7
7636	3
7637	4
7638	3
7639	3
7640	12
7641	4
7642	6
7643	4
7644	1
7645	4
7646	7
7647	14
7648	13
7649	9
7650	18
7651	17
7652	18
7653	4
7654	9
7655	18
7656	14
7657	15
7658	1
7659	6
7660	4
7661	15
7662	10
7663	8
7664	12
7665	4
7666	6
7667	12
7668	17
7669	9
7670	18
7671	4
7672	17
7673	17
7674	16
7675	12
7676	10
7677	7
7678	2
7679	4
7680	7
7681	3
7682	11
7683	11
7684	15
7685	4
7686	2
7687	10
7688	4
7689	8
7690	15
7691	9
7692	4
7693	18
7694	12
7695	12
7696	1
7697	3
7698	14
7699	16
7700	12
7701	18
7702	14
7703	11
7704	6
7705	13
7706	2
7707	9
7708	2
7709	11
7710	4
7711	12
7712	10
7713	15
7714	17
7715	10
7716	17
7717	17
7718	7
7719	2
7720	12
7721	10
7722	3
7723	15
7724	1
7725	9
7726	15
7727	6
7728	12
7729	4
7730	17
7731	8
7732	8
7733	10
7734	14
7735	14
7736	8
7737	3
7738	4
7739	10
7740	15
7741	6
7742	13
7743	9
7744	15
7745	18
7746	8
7747	18
7748	1
7749	18
7750	4
7751	1
7752	6
7753	7
7754	6
7755	9
7756	4
7757	6
7758	17
7759	6
7760	12
7761	12
7762	11
7763	2
7764	14
7765	12
7766	17
7767	14
7768	12
7769	4
7770	18
7771	5
7772	4
7773	6
7774	2
7775	18
7776	16
7777	16
7778	16
7779	4
7780	4
7781	8
7782	1
7783	3
7784	3
7785	16
7786	14
7787	4
7788	10
7789	15
7790	1
7791	7
7792	3
7793	4
7794	6
7795	13
7796	7
7797	16
7798	2
7799	1
7800	17
7801	18
7802	14
7803	7
7804	1
7805	3
7806	17
7807	14
7808	10
7809	4
7810	14
7811	9
7812	3
7813	2
7814	2
7815	18
7816	7
7817	7
7818	3
7819	7
7820	17
7821	5
7822	3
7823	4
7824	6
7825	7
7826	10
7827	16
7828	3
7829	15
7830	8
7831	6
7832	1
7833	3
7834	10
7835	6
7836	6
7837	8
7838	6
7839	3
7840	3
7841	4
7842	10
7843	4
7844	2
7845	2
7846	8
7847	7
7848	2
7849	18
7850	6
7851	4
7852	4
7853	3
7854	13
7855	4
7856	3
7857	4
7858	8
7859	12
7860	8
7861	17
7862	18
7863	12
7864	14
7865	4
7866	3
7867	12
7868	14
7869	10
7870	9
7871	6
7872	3
7873	6
7874	2
7875	1
7876	10
7877	15
7878	18
7879	6
7880	12
7881	7
7882	1
7883	3
7884	12
7885	7
7886	16
7887	5
7888	4
7889	1
7890	3
7891	10
7892	3
7893	14
7894	6
7895	4
7896	11
7897	4
7898	14
7899	9
7900	3
7901	10
7902	18
7903	7
7904	7
7905	15
7906	1
7907	11
7908	4
7909	4
7910	5
7911	15
7912	9
7913	6
7914	11
7915	2
7916	9
7917	14
7918	2
7919	3
7920	2
7921	14
7922	3
7923	13
7924	3
7925	2
7926	3
7927	9
7928	4
7929	1
7930	3
7931	2
7932	3
7933	11
7934	16
7935	10
7936	12
7937	1
7938	4
7939	6
7940	4
7941	2
7942	5
7943	7
7944	11
7945	2
7946	9
7947	9
7948	14
7949	3
7950	11
7951	14
7952	12
7953	3
7954	2
7955	2
7956	16
7957	7
7958	1
7959	1
7960	17
7961	10
7962	15
7963	12
7964	2
7965	2
7966	8
7967	7
7968	5
7969	6
7970	16
7971	6
7972	12
7973	8
7974	12
7975	3
7976	18
7977	7
7978	15
7979	17
7980	1
7981	16
7982	3
7983	10
7984	12
7985	3
7986	9
7987	1
7988	6
7989	6
7990	15
7991	14
7992	3
7993	12
7994	6
7995	5
7996	11
7997	10
7998	4
7999	12
8000	11
8001	1
8002	6
8003	4
8004	4
8005	10
8006	5
8007	18
8008	4
8009	14
8010	17
8011	18
8012	9
8013	12
8014	6
8015	9
8016	16
8017	4
8018	13
8019	4
8020	9
8021	3
8022	8
8023	11
8024	18
8025	9
8026	11
8027	11
8028	18
8029	2
8030	1
8031	5
8032	15
8033	9
8034	12
8035	6
8036	9
8037	18
8038	3
8039	12
8040	3
8041	9
8042	2
8043	15
8044	12
8045	6
8046	6
8047	7
8048	3
8049	7
8050	15
8051	16
8052	17
8053	14
8054	16
8055	11
8056	8
8057	6
8058	9
8059	7
8060	4
8061	15
8062	13
8063	2
8064	12
8065	13
8066	12
8067	2
8068	1
8069	3
8070	10
8071	16
8072	15
8073	8
8074	2
8075	17
8076	17
8077	17
8078	3
8079	10
8080	3
8081	8
8082	2
8083	6
8084	18
8085	7
8086	14
8087	3
8088	7
8089	6
8090	9
8091	6
8092	2
8093	2
8094	14
8095	14
8096	1
8097	13
8098	18
8099	15
8100	4
8101	4
8102	15
8103	12
8104	11
8105	3
8106	9
8107	6
8108	14
8109	7
8110	16
8111	1
8112	11
8113	6
8114	14
8115	12
8116	10
8117	2
8118	15
8119	2
8120	17
8121	8
8122	14
8123	14
8124	1
8125	8
8126	12
8127	2
8128	1
8129	7
8130	3
8131	7
8132	12
8133	14
8134	12
8135	5
8136	17
8137	14
8138	9
8139	18
8140	7
8141	2
8142	1
8143	3
8144	4
8145	17
8146	4
8147	12
8148	15
8149	15
8150	10
8151	8
8152	6
8153	15
8154	16
8155	18
8156	7
8157	10
8158	4
8159	11
8160	14
8161	1
8162	2
8163	11
8164	12
8165	10
8166	6
8167	6
8168	7
8169	1
8170	12
8171	12
8172	13
8173	12
8174	6
8175	4
8176	13
8177	10
8178	12
8179	12
8180	17
8181	8
8182	3
8183	18
8184	4
8185	5
8186	12
8187	9
8188	1
8189	12
8190	13
8191	12
8192	12
8193	1
8194	7
8195	12
8196	7
8197	6
8198	14
8199	4
8200	10
8201	9
8202	6
8203	7
8204	4
8205	5
8206	1
8207	3
8208	15
8209	3
8210	12
8211	6
8212	4
8213	16
8214	7
8215	9
8216	3
8217	12
8218	2
8219	12
8220	1
8221	1
8222	3
8223	7
8224	1
8225	7
8226	12
8227	15
8228	1
8229	12
8230	12
8231	3
8232	8
8233	1
8234	16
8235	16
8236	4
8237	9
8238	7
8239	10
8240	10
8241	12
8242	2
8243	6
8244	4
8245	14
8246	2
8247	3
8248	2
8249	10
8250	13
8251	3
8252	1
8253	3
8254	13
8255	10
8256	17
8257	1
8258	12
8259	14
8260	15
8261	9
8262	15
8263	4
8264	1
8265	7
8266	12
8267	18
8268	13
8269	7
8270	6
8271	14
8272	16
8273	7
8274	12
8275	15
8276	18
8277	16
8278	13
8279	6
8280	2
8281	3
8282	11
8283	11
8284	4
8285	7
8286	14
8287	17
8288	15
8289	4
8290	10
8291	2
8292	18
8293	12
8294	18
8295	10
8296	2
8297	17
8298	3
8299	3
8300	18
8301	2
8302	3
8303	4
8304	18
8305	10
8306	15
8307	12
8308	12
8309	4
8310	4
8311	3
8312	17
8313	9
8314	3
8315	15
8316	6
8317	7
8318	7
8319	6
8320	6
8321	15
8322	3
8323	9
8324	4
8325	12
8326	16
8327	7
8328	8
8329	3
8330	16
8331	2
8332	16
8333	14
8334	14
8335	12
8336	3
8337	2
8338	4
8339	9
8340	1
8341	14
8342	7
8343	10
8344	6
8345	3
8346	4
8347	3
8348	13
8349	3
8350	9
8351	10
8352	9
8353	9
8354	12
8355	13
8356	14
8357	1
8358	18
8359	17
8360	3
8361	8
8362	12
8363	13
8364	7
8365	14
8366	10
8367	18
8368	2
8369	16
8370	1
8371	5
8372	10
8373	7
8374	7
8375	7
8376	14
8377	18
8378	4
8379	15
8380	3
8381	1
8382	1
8383	3
8384	14
8385	15
8386	6
8387	4
8388	14
8389	17
8390	15
8391	14
8392	4
8393	12
8394	10
8395	4
8396	9
8397	1
8398	4
8399	9
8400	3
8401	12
8402	9
8403	16
8404	9
8405	16
8406	12
8407	3
8408	16
8409	12
8410	13
8411	2
8412	15
8413	12
8414	2
8415	10
8416	14
8417	13
8418	15
8419	9
8420	18
8421	9
8422	6
8423	11
8424	15
8425	10
8426	8
8427	6
8428	7
8429	12
8430	12
8431	15
8432	9
8433	12
8434	4
8435	15
8436	12
8437	4
8438	5
8439	18
8440	17
8441	8
8442	18
8443	2
8444	7
8445	4
8446	6
8447	2
8448	3
8449	6
8450	14
8451	6
8452	15
8453	14
8454	10
8455	15
8456	12
8457	9
8458	6
8459	10
8460	12
8461	16
8462	17
8463	9
8464	7
8465	9
8466	1
8467	16
8468	13
8469	7
8470	4
8471	2
8472	12
8473	12
8474	3
8475	9
8476	4
8477	6
8478	12
8479	6
8480	5
8481	12
8482	9
8483	10
8484	3
8485	6
8486	10
8487	4
8488	1
8489	11
8490	5
8491	7
8492	3
8493	6
8494	1
8495	3
8496	1
8497	16
8498	18
8499	8
8500	1
8501	18
8502	6
8503	12
8504	1
8505	12
8506	18
8507	3
8508	1
8509	3
8510	4
8511	4
8512	13
8513	3
8514	17
8515	3
8516	17
8517	7
8518	12
8519	9
8520	6
8521	6
8522	2
8523	11
8524	9
8525	7
8526	7
8527	3
8528	5
8529	15
8530	12
8531	4
8532	16
8533	4
8534	15
8535	15
8536	1
8537	18
8538	18
8539	13
8540	16
8541	3
8542	9
8543	2
8544	2
8545	13
8546	16
8547	7
8548	11
8549	11
8550	4
8551	18
8552	12
8553	18
8554	8
8555	1
8556	14
8557	6
8558	10
8559	1
8560	5
8561	1
8562	14
8563	12
8564	14
8565	12
8566	1
8567	3
8568	10
8569	1
8570	14
8571	2
8572	3
8573	4
8574	7
8575	6
8576	15
8577	15
8578	10
8579	7
8580	10
8581	17
8582	4
8583	3
8584	12
8585	14
8586	2
8587	4
8588	8
8589	3
8590	3
8591	18
8592	8
8593	11
8594	7
8595	2
8596	4
8597	15
8598	11
8599	1
8600	13
8601	14
8602	7
8603	9
8604	4
8605	11
8606	16
8607	2
8608	12
8609	1
8610	5
8611	2
8612	3
8613	10
8614	12
8615	9
8616	8
8617	14
8618	3
8619	6
8620	6
8621	4
8622	6
8623	2
8624	2
8625	12
8626	6
8627	15
8628	2
8629	4
8630	3
8631	9
8632	4
8633	12
8634	2
8635	3
8636	18
8637	8
8638	4
8639	6
8640	8
8641	10
8642	5
8643	3
8644	2
8645	18
8646	3
8647	3
8648	4
8649	15
8650	3
8651	18
8652	3
8653	12
8654	6
8655	15
8656	3
8657	12
8658	1
8659	10
8660	2
8661	8
8662	3
8663	11
8664	5
8665	14
8666	1
8667	12
8668	13
8669	18
8670	13
8671	2
8672	2
8673	18
8674	5
8675	18
8676	2
8677	13
8678	4
8679	1
8680	3
8681	9
8682	17
8683	13
8684	6
8685	9
8686	7
8687	13
8688	6
8689	12
8690	6
8691	6
8692	5
8693	3
8694	4
8695	4
8696	1
8697	12
8698	3
8699	14
8700	16
8701	16
8702	1
8703	12
8704	6
8705	3
8706	12
8707	10
8708	1
8709	3
8710	1
8711	1
8712	9
8713	4
8714	12
8715	2
8716	15
8717	6
8718	18
8719	10
8720	17
8721	18
8722	7
8723	6
8724	3
8725	3
8726	6
8727	8
8728	3
8729	12
8730	12
8731	15
8732	18
8733	1
8734	6
8735	15
8736	5
8737	12
8738	13
8739	3
8740	6
8741	2
8742	3
8743	2
8744	10
8745	2
8746	15
8747	16
8748	4
8749	7
8750	1
8751	4
8752	16
8753	12
8754	13
8755	3
8756	4
8757	1
8758	3
8759	4
8760	2
8761	1
8762	15
8763	3
8764	7
8765	10
8766	18
8767	4
8768	2
8769	3
8770	1
8771	17
8772	1
8773	13
8774	13
8775	7
8776	17
8777	4
8778	6
8779	10
8780	12
8781	11
8782	16
8783	12
8784	16
8785	2
8786	4
8787	6
8788	3
8789	3
8790	17
8791	12
8792	15
8793	13
8794	3
8795	9
8796	3
8797	3
8798	4
8799	1
8800	2
8801	10
8802	3
8803	11
8804	15
8805	5
8806	10
8807	12
8808	13
8809	15
8810	15
8811	12
8812	2
8813	12
8814	12
8815	16
8816	7
8817	5
8818	17
8819	18
8820	6
8821	9
8822	8
8823	12
8824	10
8825	2
8826	1
8827	17
8828	10
8829	16
8830	9
8831	12
8832	9
8833	15
8834	1
8835	1
8836	6
8837	17
8838	7
8839	3
8840	11
8841	3
8842	1
8843	12
8844	17
8845	14
8846	9
8847	15
8848	5
8849	17
8850	3
8851	7
8852	3
8853	6
8854	11
8855	3
8856	14
8857	12
8858	2
8859	12
8860	12
8861	4
8862	17
8863	10
8864	3
8865	18
8866	18
8867	3
8868	9
8869	12
8870	4
8871	17
8872	3
8873	12
8874	3
8875	18
8876	3
8877	6
8878	3
8879	4
8880	17
8881	10
8882	13
8883	15
8884	13
8885	14
8886	12
8887	14
8888	18
8889	14
8890	12
8891	18
8892	17
8893	1
8894	11
8895	4
8896	12
8897	12
8898	11
8899	1
8900	12
8901	10
8902	7
8903	18
8904	16
8905	7
8906	9
8907	16
8908	15
8909	16
8910	4
8911	2
8912	18
8913	5
8914	12
8915	4
8916	16
8917	8
8918	4
8919	7
8920	9
8921	11
8922	2
8923	2
8924	18
8925	2
8926	7
8927	15
8928	4
8929	17
8930	12
8931	15
8932	15
8933	1
8934	6
8935	1
8936	9
8937	10
8938	7
8939	6
8940	16
8941	12
8942	2
8943	17
8944	4
8945	4
8946	15
8947	2
8948	5
8949	4
8950	4
8951	4
8952	15
8953	9
8954	14
8955	1
8956	6
8957	16
8958	16
8959	4
8960	7
8961	12
8962	9
8963	8
8964	4
8965	10
8966	1
8967	11
8968	15
8969	1
8970	6
8971	12
8972	12
8973	4
8974	14
8975	4
8976	5
8977	1
8978	11
8979	3
8980	4
8981	7
8982	18
8983	8
8984	5
8985	14
8986	18
8987	6
8988	1
8989	8
8990	3
8991	4
8992	10
8993	10
8994	3
8995	14
8996	3
8997	11
8998	5
8999	2
9000	11
9001	3
9002	12
9003	14
9004	3
9005	3
9006	13
9007	4
9008	6
9009	12
9010	16
9011	3
9012	18
9013	4
9014	10
9015	2
9016	11
9017	18
9018	14
9019	15
9020	14
9021	15
9022	9
9023	9
9024	10
9025	8
9026	5
9027	9
9028	12
9029	13
9030	17
9031	3
9032	15
9033	15
9034	14
9035	1
9036	4
9037	4
9038	4
9039	1
9040	1
9041	8
9042	7
9043	7
9044	14
9045	1
9046	12
9047	18
9048	8
9049	3
9050	14
9051	3
9052	8
9053	10
9054	7
9055	7
9056	6
9057	12
9058	18
9059	1
9060	9
9061	3
9062	14
9063	6
9064	12
9065	3
9066	18
9067	12
9068	4
9069	4
9070	12
9071	14
9072	6
9073	3
9074	4
9075	15
9076	3
9077	11
9078	5
9079	15
9080	14
9081	13
9082	2
9083	9
9084	8
9085	5
9086	8
9087	3
9088	14
9089	13
9090	10
9091	1
9092	3
9093	4
9094	18
9095	18
9096	4
9097	18
9098	7
9099	15
9100	12
9101	4
9102	12
9103	12
9104	14
9105	2
9106	3
9107	1
9108	12
9109	17
9110	8
9111	18
9112	14
9113	7
9114	18
9115	3
9116	18
9117	17
9118	4
9119	11
9120	8
9121	4
9122	8
9123	9
9124	15
9125	5
9126	9
9127	3
9128	17
9129	6
9130	9
9131	1
9132	4
9133	14
9134	3
9135	15
9136	18
9137	6
9138	17
9139	8
9140	14
9141	12
9142	4
9143	17
9144	4
9145	3
9146	3
9147	4
9148	9
9149	5
9150	12
9151	3
9152	8
9153	12
9154	18
9155	12
9156	12
9157	15
9158	9
9159	8
9160	1
9161	5
9162	9
9163	6
9164	6
9165	17
9166	9
9167	4
9168	1
9169	3
9170	3
9171	7
9172	6
9173	6
9174	6
9175	2
9176	3
9177	7
9178	1
9179	10
9180	14
9181	10
9182	10
9183	4
9184	15
9185	3
9186	12
9187	13
9188	1
9189	4
9190	17
9191	7
9192	4
9193	16
9194	10
9195	6
9196	7
9197	9
9198	18
9199	10
9200	2
9201	14
9202	10
9203	12
9204	10
9205	3
9206	3
9207	14
9208	8
9209	2
9210	1
9211	17
9212	9
9213	3
9214	1
9215	6
9216	4
9217	11
9218	16
9219	18
9220	12
9221	12
9222	10
9223	15
9224	12
9225	12
9226	3
9227	16
9228	5
9229	17
9230	9
9231	16
9232	16
9233	7
9234	4
9235	3
9236	12
9237	6
9238	16
9239	9
9240	4
9241	9
9242	6
9243	7
9244	3
9245	7
9246	7
9247	9
9248	7
9249	8
9250	9
9251	2
9252	4
9253	14
9254	15
9255	1
9256	15
9257	6
9258	5
9259	10
9260	7
9261	18
9262	6
9263	10
9264	14
9265	1
9266	6
9267	12
9268	16
9269	6
9270	9
9271	6
9272	18
9273	4
9274	6
9275	6
9276	17
9277	15
9278	7
9279	2
9280	9
9281	6
9282	7
9283	2
9284	3
9285	18
9286	1
9287	5
9288	10
9289	18
9290	12
9291	18
9292	12
9293	10
9294	1
9295	14
9296	12
9297	15
9298	6
9299	1
9300	17
9301	9
9302	7
9303	4
9304	4
9305	10
9306	6
9307	3
9308	12
9309	16
9310	12
9311	2
9312	3
9313	4
9314	3
9315	11
9316	14
9317	4
9318	3
9319	6
9320	17
9321	4
9322	2
9323	17
9324	14
9325	4
9326	7
9327	14
9328	5
9329	9
9330	16
9331	5
9332	3
9333	2
9334	4
9335	16
9336	2
9337	5
9338	5
9339	3
9340	3
9341	6
9342	2
9343	6
9344	16
9345	12
9346	1
9347	10
9348	3
9349	3
9350	1
9351	7
9352	9
9353	1
9354	4
9355	1
9356	6
9357	11
9358	18
9359	3
9360	7
9361	6
9362	9
9363	7
9364	13
9365	9
9366	2
9367	1
9368	15
9369	15
9370	11
9371	12
9372	1
9373	7
9374	9
9375	6
9376	2
9377	6
9378	16
9379	16
9380	12
9381	6
9382	9
9383	14
9384	8
9385	18
9386	12
9387	6
9388	6
9389	18
9390	18
9391	10
9392	7
9393	2
9394	5
9395	18
9396	17
9397	3
9398	7
9399	14
9400	7
9401	10
9402	7
9403	6
9404	14
9405	2
9406	3
9407	3
9408	11
9409	16
9410	13
9411	3
9412	2
9413	7
9414	5
9415	4
9416	17
9417	4
9418	7
9419	6
9420	4
9421	17
9422	4
9423	8
9424	15
9425	13
9426	12
9427	14
9428	12
9429	9
9430	8
9431	1
9432	13
9433	1
9434	2
9435	15
9436	5
9437	9
9438	8
9439	4
9440	3
9441	4
9442	2
9443	15
9444	6
9445	10
9446	9
9447	15
9448	9
9449	8
9450	3
9451	4
9452	12
9453	16
9454	6
9455	16
9456	13
9457	4
9458	18
9459	15
9460	11
9461	6
9462	1
9463	18
9464	12
9465	13
9466	10
9467	15
9468	9
9469	5
9470	1
9471	12
9472	12
9473	17
9474	6
9475	3
9476	6
9477	3
9478	6
9479	1
9480	11
9481	3
9482	4
9483	2
9484	9
9485	1
9486	12
9487	2
9488	9
9489	3
9490	1
9491	18
9492	18
9493	9
9494	3
9495	1
9496	8
9497	14
9498	7
9499	7
9500	4
9501	4
9502	4
9503	5
9504	6
9505	12
9506	4
9507	9
9508	1
9509	2
9510	10
9511	9
9512	1
9513	9
9514	10
9515	12
9516	4
9517	14
9518	16
9519	4
9520	15
9521	18
9522	11
9523	9
9524	13
9525	5
9526	4
9527	4
9528	11
9529	12
9530	2
9531	10
9532	17
9533	10
9534	6
9535	15
9536	12
9537	6
9538	3
9539	5
9540	15
9541	4
9542	10
9543	6
9544	3
9545	3
9546	15
9547	7
9548	10
9549	13
9550	4
9551	4
9552	3
9553	4
9554	12
9555	4
9556	12
9557	9
9558	6
9559	12
9560	16
9561	17
9562	6
9563	5
9564	12
9565	4
9566	1
9567	11
9568	6
9569	3
9570	14
9571	12
9572	7
9573	17
9574	1
9575	18
9576	9
9577	14
9578	9
9579	10
9580	10
9581	18
9582	4
9583	3
9584	9
9585	15
9586	8
9587	4
9588	13
9589	3
9590	3
9591	16
9592	9
9593	4
9594	11
9595	7
9596	3
9597	4
9598	1
9599	3
9600	7
9601	18
9602	14
9603	3
9604	1
9605	7
9606	2
9607	12
9608	1
9609	17
9610	4
9611	14
9612	12
9613	6
9614	16
9615	4
9616	17
9617	14
9618	5
9619	14
9620	6
9621	17
9622	16
9623	12
9624	12
9625	9
9626	6
9627	3
9628	4
9629	4
9630	13
9631	13
9632	12
9633	3
9634	4
9635	16
9636	17
9637	8
9638	12
9639	3
9640	1
9641	5
9642	4
9643	4
9644	4
9645	15
9646	15
9647	5
9648	8
9649	15
9650	6
9651	6
9652	4
9653	10
9654	15
9655	10
9656	4
9657	18
9658	10
9659	1
9660	10
9661	11
9662	17
9663	12
9664	6
9665	6
9666	11
9667	9
9668	9
9669	2
9670	18
9671	12
9672	2
9673	9
9674	4
9675	4
9676	6
9677	15
9678	2
9679	6
9680	1
9681	2
9682	15
9683	15
9684	9
9685	14
9686	4
9687	5
9688	3
9689	12
9690	4
9691	9
9692	12
9693	2
9694	10
9695	7
9696	7
9697	15
9698	3
9699	18
9700	14
9701	18
9702	7
9703	9
9704	7
9705	15
9706	12
9707	4
9708	1
9709	4
9710	14
9711	7
9712	4
9713	1
9714	12
9715	1
9716	4
9717	18
9718	4
9719	10
9720	12
9721	7
9722	9
9723	4
9724	14
9725	9
9726	2
9727	14
9728	11
9729	12
9730	12
9731	16
9732	14
9733	1
9734	9
9735	17
9736	18
9737	2
9738	9
9739	15
9740	11
9741	17
9742	18
9743	8
9744	6
9745	4
9746	6
9747	14
9748	17
9749	17
9750	17
9751	2
9752	5
9753	6
9754	5
9755	1
9756	12
9757	3
9758	10
9759	12
9760	3
9761	12
9762	12
9763	12
9764	6
9765	5
9766	7
9767	18
9768	9
9769	7
9770	6
9771	17
9772	17
9773	14
9774	2
9775	16
9776	6
9777	15
9778	11
9779	16
9780	6
9781	4
9782	1
9783	7
9784	7
9785	3
9786	4
9787	1
9788	15
9789	6
9790	10
9791	11
9792	4
9793	18
9794	3
9795	6
9796	10
9797	9
9798	15
9799	13
9800	2
9801	12
9802	18
9803	7
9804	12
9805	16
9806	4
9807	3
9808	10
9809	11
9810	14
9811	6
9812	15
9813	3
9814	11
9815	18
9816	3
9817	3
9818	3
9819	18
9820	12
9821	14
9822	14
9823	5
9824	3
9825	14
9826	12
9827	2
9828	4
9829	1
9830	2
9831	4
9832	12
9833	18
9834	17
9835	6
9836	16
9837	4
9838	18
9839	2
9840	6
9841	12
9842	3
9843	4
9844	5
9845	2
9846	7
9847	5
9848	6
9849	17
9850	14
9851	15
9852	11
9853	11
9854	1
9855	2
9856	1
9857	12
9858	7
9859	6
9860	2
9861	13
9862	4
9863	4
9864	9
9865	10
9866	3
9867	14
9868	7
9869	7
9870	4
9871	1
9872	16
9873	12
9874	4
9875	3
9876	5
9877	15
9878	7
9879	3
9880	7
9881	12
9882	5
9883	12
9884	1
9885	4
9886	7
9887	3
9888	4
9889	3
9890	4
9891	2
9892	1
9893	11
9894	12
9895	10
9896	14
9897	12
9898	18
9899	9
9900	12
9901	18
9902	18
9903	11
9904	18
9905	7
9906	3
9907	8
9908	14
9909	18
9910	3
9911	4
9912	17
9913	10
9914	3
9915	1
9916	18
9917	18
9918	9
9919	11
9920	4
9921	1
9922	10
9923	18
9924	4
9925	18
9926	15
9927	6
9928	13
9929	3
9930	3
9931	11
9932	3
9933	18
9934	7
9935	1
9936	14
9937	9
9938	1
9939	3
9940	16
9941	14
9942	6
9943	4
9944	14
9945	3
9946	17
9947	12
9948	12
9949	4
9950	13
9951	16
9952	9
9953	6
9954	4
9955	9
9956	4
9957	3
9958	7
9959	12
9960	18
9961	3
9962	15
9963	2
9964	17
9965	2
9966	18
9967	16
9968	3
9969	7
9970	13
9971	18
9972	15
9973	10
9974	9
9975	2
9976	12
9977	1
9978	4
9979	7
9980	7
9981	4
9982	5
9983	4
9984	13
9985	2
9986	2
9987	9
9988	12
9989	3
9990	2
9991	7
9992	5
9993	11
9994	1
9995	16
9996	15
9997	9
9998	3
9999	6
