0	17
1	33
2	21
3	11
4	15
5	1
6	34
7	4
8	9
9	24
10	14
11	27
12	17
13	1
14	24
15	34
16	27
17	21
18	13
19	13
20	30
21	35
22	25
23	20
24	13
25	31
26	22
27	34
28	12
29	13
30	8
31	17
32	14
33	8
34	5
35	19
36	32
37	28
38	11
39	32
40	19
41	11
42	26
43	16
44	7
45	33
46	5
47	26
48	5
49	35
50	20
51	11
52	7
53	2
54	6
55	3
56	19
57	6
58	20
59	13
60	4
61	33
62	22
63	23
64	15
65	35
66	6
67	28
68	24
69	20
70	22
71	34
72	8
73	2
74	21
75	34
76	35
77	15
78	15
79	1
80	27
81	33
82	35
83	19
84	24
85	31
86	8
87	17
88	19
89	34
90	5
91	35
92	4
93	7
94	29
95	19
96	17
97	13
98	15
99	22
100	16
101	21
102	25
103	2
104	27
105	35
106	13
107	28
108	27
109	15
110	11
111	7
112	25
113	18
114	3
115	9
116	25
117	28
118	24
119	31
120	28
121	14
122	4
123	12
124	17
125	27
126	2
127	5
128	30
129	12
130	21
131	7
132	16
133	14
134	13
135	17
136	23
137	15
138	11
139	32
140	3
141	10
142	23
143	13
144	28
145	11
146	30
147	8
148	34
149	15
150	2
151	18
152	2
153	16
154	29
155	15
156	26
157	30
158	2
159	19
160	16
161	31
162	12
163	14
164	1
165	14
166	2
167	1
168	33
169	16
170	26
171	15
172	15
173	28
174	17
175	27
176	12
177	11
178	31
179	24
180	22
181	5
182	22
183	10
184	4
185	4
186	33
187	18
188	13
189	19
190	5
191	5
192	24
193	9
194	16
195	33
196	14
197	32
198	2
199	2
200	26
201	34
202	27
203	30
204	34
205	6
206	29
207	35
208	3
209	31
210	11
211	34
212	21
213	32
214	31
215	12
216	3
217	34
218	11
219	10
220	17
221	24
222	29
223	34
224	22
225	30
226	2
227	9
228	23
229	17
230	2
231	24
232	18
233	13
234	30
235	15
236	33
237	29
238	11
239	23
240	3
241	20
242	17
243	32
244	10
245	30
246	28
247	6
248	5
249	29
250	13
251	29
252	17
253	13
254	15
255	28
256	27
257	9
258	9
259	5
260	26
261	23
262	25
263	32
264	10
265	16
266	5
267	4
268	34
269	12
270	33
271	13
272	28
273	32
274	12
275	15
276	22
277	23
278	24
279	12
280	5
281	2
282	9
283	15
284	29
285	23
286	8
287	34
288	14
289	4
290	22
291	20
292	1
293	5
294	6
295	11
296	34
297	9
298	19
299	34
300	13
301	1
302	3
303	28
304	26
305	1
306	16
307	31
308	23
309	12
310	24
311	32
312	7
313	15
314	3
315	23
316	32
317	23
318	18
319	18
320	13
321	19
322	30
323	26
324	7
325	34
326	23
327	24
328	26
329	14
330	5
331	23
332	23
333	32
334	3
335	29
336	34
337	28
338	2
339	13
340	15
341	3
342	31
343	8
344	28
345	16
346	8
347	26
348	31
349	20
350	20
351	35
352	22
353	15
354	31
355	13
356	5
357	17
358	8
359	1
360	7
361	26
362	4
363	10
364	32
365	1
366	2
367	22
368	7
369	22
370	30
371	12
372	2
373	32
374	35
375	5
376	1
377	31
378	12
379	14
380	21
381	4
382	33
383	10
384	9
385	17
386	17
387	7
388	21
389	15
390	9
391	13
392	24
393	17
394	21
395	12
396	13
397	3
398	19
399	24
400	18
401	1
402	20
403	1
404	19
405	20
406	23
407	7
408	15
409	18
410	24
411	18
412	1
413	15
414	8
415	12
416	26
417	18
418	19
419	34
420	23
421	8
422	35
423	22
424	20
425	17
426	13
427	3
428	8
429	4
430	6
431	7
432	16
433	11
434	24
435	26
436	29
437	30
438	30
439	19
440	31
441	24
442	1
443	27
444	26
445	19
446	34
447	27
448	31
449	15
450	27
451	20
452	8
453	18
454	29
455	22
456	20
457	33
458	13
459	9
460	4
461	17
462	18
463	29
464	25
465	34
466	26
467	19
468	33
469	6
470	5
471	11
472	32
473	6
474	3
475	27
476	31
477	4
478	15
479	6
480	35
481	4
482	9
483	31
484	12
485	24
486	15
487	4
488	32
489	26
490	15
491	14
492	17
493	10
494	4
495	2
496	15
497	9
498	14
499	3
500	18
501	20
502	23
503	26
504	25
505	20
506	9
507	13
508	18
509	7
510	11
511	2
512	8
513	20
514	9
515	9
516	31
517	31
518	10
519	18
520	25
521	12
522	21
523	1
524	13
525	29
526	23
527	8
528	34
529	1
530	24
531	24
532	27
533	13
534	15
535	10
536	17
537	9
538	28
539	19
540	15
541	17
542	25
543	9
544	25
545	10
546	14
547	1
548	20
549	21
550	12
551	35
552	16
553	4
554	2
555	28
556	12
557	30
558	11
559	22
560	1
561	11
562	16
563	15
564	11
565	14
566	5
567	14
568	33
569	26
570	16
571	15
572	11
573	25
574	11
575	26
576	24
577	28
578	21
579	10
580	1
581	10
582	3
583	19
584	16
585	35
586	16
587	26
588	24
589	19
590	7
591	23
592	34
593	16
594	29
595	24
596	26
597	17
598	19
599	21
600	23
601	34
602	26
603	23
604	13
605	30
606	19
607	31
608	18
609	17
610	3
611	1
612	7
613	11
614	35
615	28
616	21
617	2
618	15
619	17
620	21
621	20
622	31
623	33
624	2
625	34
626	29
627	5
628	5
629	13
630	33
631	33
632	9
633	26
634	6
635	2
636	12
637	6
638	14
639	2
640	3
641	35
642	17
643	3
644	35
645	29
646	28
647	33
648	32
649	31
650	13
651	31
652	18
653	31
654	13
655	27
656	17
657	31
658	27
659	11
660	16
661	35
662	28
663	13
664	14
665	32
666	1
667	10
668	3
669	3
670	35
671	4
672	23
673	32
674	11
675	13
676	26
677	1
678	31
679	26
680	32
681	27
682	13
683	31
684	32
685	4
686	31
687	22
688	27
689	7
690	22
691	32
692	23
693	34
694	24
695	8
696	26
697	22
698	20
699	14
700	19
701	23
702	16
703	13
704	25
705	15
706	11
707	11
708	10
709	31
710	3
711	17
712	2
713	3
714	9
715	22
716	28
717	31
718	10
719	29
720	3
721	16
722	26
723	31
724	1
725	12
726	1
727	27
728	9
729	28
730	11
731	19
732	3
733	20
734	25
735	26
736	22
737	17
738	26
739	17
740	35
741	24
742	11
743	21
744	23
745	8
746	1
747	32
748	23
749	7
750	30
751	19
752	8
753	1
754	25
755	32
756	24
757	2
758	6
759	35
760	35
761	2
762	26
763	20
764	31
765	34
766	17
767	1
768	15
769	11
770	17
771	30
772	19
773	7
774	34
775	11
776	15
777	13
778	34
779	7
780	15
781	9
782	20
783	8
784	17
785	31
786	16
787	28
788	13
789	14
790	11
791	10
792	13
793	25
794	23
795	30
796	19
797	16
798	17
799	21
800	27
801	13
802	33
803	20
804	9
805	33
806	7
807	8
808	29
809	3
810	31
811	4
812	16
813	19
814	13
815	21
816	22
817	27
818	8
819	33
820	22
821	2
822	14
823	18
824	2
825	33
826	26
827	32
828	11
829	27
830	21
831	9
832	3
833	7
834	8
835	11
836	33
837	10
838	23
839	12
840	23
841	16
842	4
843	20
844	33
845	19
846	5
847	18
848	28
849	21
850	21
851	11
852	15
853	21
854	24
855	5
856	11
857	21
858	2
859	9
860	27
861	34
862	12
863	30
864	2
865	17
866	1
867	19
868	28
869	1
870	30
871	21
872	22
873	18
874	18
875	32
876	23
877	33
878	10
879	19
880	13
881	25
882	8
883	7
884	24
885	24
886	16
887	24
888	13
889	34
890	12
891	20
892	19
893	33
894	3
895	4
896	28
897	25
898	26
899	18
900	19
901	28
902	21
903	10
904	1
905	23
906	21
907	9
908	19
909	21
910	7
911	24
912	28
913	19
914	30
915	34
916	17
917	5
918	7
919	24
920	31
921	29
922	13
923	14
924	15
925	27
926	24
927	26
928	34
929	3
930	10
931	11
932	34
933	5
934	18
935	34
936	13
937	1
938	35
939	14
940	20
941	35
942	9
943	11
944	19
945	26
946	31
947	19
948	24
949	34
950	24
951	30
952	11
953	26
954	6
955	8
956	7
957	13
958	34
959	35
960	33
961	8
962	1
963	8
964	31
965	14
966	9
967	17
968	9
969	35
970	8
971	33
972	33
973	25
974	11
975	18
976	35
977	12
978	7
979	16
980	6
981	30
982	1
983	18
984	23
985	14
986	31
987	34
988	32
989	8
990	11
991	1
992	1
993	1
994	30
995	26
996	21
997	8
998	20
999	28
1000	9
1001	11
1002	29
1003	9
1004	24
1005	21
1006	31
1007	3
1008	17
1009	3
1010	3
1011	25
1012	12
1013	14
1014	22
1015	24
1016	33
1017	34
1018	13
1019	24
1020	7
1021	18
1022	3
1023	6
1024	5
1025	17
1026	11
1027	6
1028	8
1029	34
1030	11
1031	26
1032	17
1033	3
1034	9
1035	16
1036	21
1037	22
1038	16
1039	27
1040	9
1041	30
1042	10
1043	2
1044	21
1045	17
1046	32
1047	24
1048	34
1049	24
1050	2
1051	32
1052	10
1053	22
1054	16
1055	4
1056	12
1057	17
1058	22
1059	26
1060	17
1061	17
1062	3
1063	13
1064	1
1065	1
1066	16
1067	10
1068	1
1069	26
1070	5
1071	26
1072	17
1073	2
1074	8
1075	15
1076	15
1077	11
1078	28
1079	11
1080	30
1081	29
1082	32
1083	23
1084	13
1085	35
1086	29
1087	34
1088	19
1089	14
1090	28
1091	35
1092	12
1093	19
1094	35
1095	32
1096	28
1097	22
1098	5
1099	26
1100	28
1101	13
1102	3
1103	22
1104	33
1105	32
1106	24
1107	12
1108	32
1109	22
1110	12
1111	13
1112	9
1113	30
1114	16
1115	35
1116	19
1117	8
1118	24
1119	34
1120	3
1121	18
1122	28
1123	4
1124	2
1125	18
1126	11
1127	11
1128	28
1129	30
1130	24
1131	22
1132	2
1133	32
1134	30
1135	4
1136	20
1137	21
1138	1
1139	24
1140	1
1141	26
1142	5
1143	23
1144	28
1145	28
1146	25
1147	18
1148	10
1149	32
1150	3
1151	9
1152	18
1153	12
1154	5
1155	14
1156	1
1157	33
1158	32
1159	35
1160	4
1161	20
1162	17
1163	33
1164	15
1165	31
1166	1
1167	17
1168	25
1169	29
1170	34
1171	1
1172	22
1173	14
1174	15
1175	5
1176	3
1177	34
1178	29
1179	8
1180	23
1181	31
1182	7
1183	16
1184	33
1185	18
1186	34
1187	16
1188	6
1189	23
1190	8
1191	24
1192	31
1193	21
1194	22
1195	10
1196	29
1197	9
1198	17
1199	21
1200	24
1201	32
1202	34
1203	3
1204	18
1205	21
1206	14
1207	10
1208	34
1209	23
1210	6
1211	22
1212	1
1213	32
1214	32
1215	31
1216	7
1217	22
1218	6
1219	11
1220	29
1221	19
1222	13
1223	20
1224	26
1225	3
1226	16
1227	5
1228	9
1229	21
1230	13
1231	4
1232	31
1233	8
1234	12
1235	22
1236	5
1237	20
1238	10
1239	20
1240	12
1241	29
1242	13
1243	4
1244	33
1245	31
1246	20
1247	1
1248	4
1249	22
1250	26
1251	13
1252	3
1253	25
1254	16
1255	11
1256	12
1257	1
1258	5
1259	14
1260	21
1261	24
1262	13
1263	20
1264	24
1265	28
1266	29
1267	19
1268	12
1269	13
1270	6
1271	2
1272	2
1273	21
1274	15
1275	2
1276	10
1277	17
1278	25
1279	19
1280	24
1281	13
1282	2
1283	8
1284	6
1285	11
1286	10
1287	8
1288	12
1289	32
1290	19
1291	7
1292	26
1293	22
1294	28
1295	8
1296	8
1297	34
1298	8
1299	21
1300	31
1301	26
1302	5
1303	34
1304	21
1305	11
1306	22
1307	34
1308	10
1309	26
1310	11
1311	15
1312	8
1313	20
1314	11
1315	23
1316	17
1317	30
1318	6
1319	31
1320	2
1321	32
1322	7
1323	2
1324	35
1325	15
1326	17
1327	23
1328	31
1329	22
1330	34
1331	34
1332	18
1333	1
1334	2
1335	18
1336	31
1337	26
1338	13
1339	35
1340	7
1341	20
1342	4
1343	26
1344	13
1345	8
1346	34
1347	13
1348	32
1349	7
1350	24
1351	24
1352	1
1353	23
1354	2
1355	24
1356	25
1357	26
1358	17
1359	4
1360	32
1361	24
1362	30
1363	24
1364	11
1365	30
1366	2
1367	35
1368	7
1369	12
1370	9
1371	9
1372	34
1373	27
1374	19
1375	34
1376	22
1377	13
1378	32
1379	17
1380	33
1381	10
1382	14
1383	5
1384	21
1385	26
1386	1
1387	2
1388	33
1389	24
1390	12
1391	15
1392	33
1393	23
1394	35
1395	3
1396	9
1397	8
1398	33
1399	31
1400	8
1401	17
1402	1
1403	23
1404	3
1405	6
1406	29
1407	13
1408	35
1409	22
1410	26
1411	35
1412	14
1413	26
1414	13
1415	22
1416	15
1417	1
1418	9
1419	13
1420	34
1421	20
1422	33
1423	18
1424	22
1425	7
1426	12
1427	11
1428	1
1429	35
1430	10
1431	26
1432	30
1433	3
1434	27
1435	20
1436	10
1437	11
1438	32
1439	11
1440	21
1441	10
1442	25
1443	26
1444	29
1445	13
1446	27
1447	2
1448	26
1449	7
1450	17
1451	11
1452	8
1453	28
1454	15
1455	29
1456	19
1457	8
1458	6
1459	13
1460	11
1461	23
1462	2
1463	11
1464	3
1465	25
1466	19
1467	17
1468	10
1469	34
1470	20
1471	5
1472	14
1473	14
1474	6
1475	20
1476	28
1477	30
1478	31
1479	13
1480	20
1481	23
1482	29
1483	31
1484	11
1485	25
1486	32
1487	1
1488	9
1489	20
1490	35
1491	27
1492	9
1493	3
1494	5
1495	16
1496	24
1497	22
1498	30
1499	18
1500	17
1501	21
1502	31
1503	4
1504	3
1505	22
1506	19
1507	13
1508	28
1509	4
1510	33
1511	11
1512	16
1513	11
1514	20
1515	7
1516	31
1517	35
1518	10
1519	31
1520	31
1521	6
1522	23
1523	22
1524	13
1525	32
1526	18
1527	24
1528	12
1529	11
1530	13
1531	35
1532	20
1533	26
1534	33
1535	15
1536	17
1537	6
1538	23
1539	7
1540	12
1541	17
1542	33
1543	24
1544	9
1545	33
1546	8
1547	26
1548	20
1549	27
1550	2
1551	16
1552	9
1553	8
1554	18
1555	3
1556	14
1557	32
1558	7
1559	22
1560	24
1561	35
1562	34
1563	17
1564	26
1565	13
1566	11
1567	19
1568	11
1569	1
1570	32
1571	32
1572	32
1573	15
1574	17
1575	34
1576	16
1577	28
1578	16
1579	16
1580	21
1581	31
1582	24
1583	17
1584	21
1585	17
1586	32
1587	9
1588	25
1589	1
1590	18
1591	1
1592	34
1593	26
1594	26
1595	25
1596	34
1597	11
1598	27
1599	19
1600	17
1601	1
1602	11
1603	17
1604	19
1605	20
1606	22
1607	35
1608	13
1609	33
1610	3
1611	9
1612	25
1613	10
1614	24
1615	14
1616	11
1617	12
1618	25
1619	32
1620	12
1621	22
1622	26
1623	14
1624	10
1625	9
1626	34
1627	14
1628	15
1629	20
1630	2
1631	28
1632	2
1633	10
1634	30
1635	24
1636	11
1637	32
1638	7
1639	15
1640	22
1641	1
1642	35
1643	28
1644	11
1645	11
1646	14
1647	6
1648	14
1649	31
1650	26
1651	17
1652	5
1653	19
1654	11
1655	24
1656	10
1657	15
1658	9
1659	4
1660	22
1661	32
1662	9
1663	24
1664	7
1665	29
1666	33
1667	10
1668	9
1669	11
1670	9
1671	24
1672	24
1673	31
1674	23
1675	26
1676	31
1677	11
1678	9
1679	14
1680	8
1681	10
1682	26
1683	10
1684	24
1685	31
1686	2
1687	1
1688	2
1689	22
1690	24
1691	22
1692	31
1693	28
1694	2
1695	32
1696	27
1697	13
1698	29
1699	28
1700	32
1701	33
1702	19
1703	28
1704	31
1705	6
1706	8
1707	4
1708	2
1709	22
1710	32
1711	10
1712	9
1713	32
1714	31
1715	3
1716	17
1717	28
1718	34
1719	33
1720	7
1721	11
1722	21
1723	5
1724	20
1725	26
1726	17
1727	7
1728	6
1729	15
1730	21
1731	30
1732	24
1733	17
1734	7
1735	32
1736	28
1737	3
1738	19
1739	18
1740	7
1741	19
1742	15
1743	13
1744	33
1745	17
1746	32
1747	30
1748	5
1749	25
1750	34
1751	26
1752	7
1753	22
1754	5
1755	11
1756	35
1757	12
1758	20
1759	20
1760	6
1761	11
1762	19
1763	11
1764	21
1765	19
1766	29
1767	28
1768	30
1769	5
1770	20
1771	11
1772	13
1773	22
1774	33
1775	22
1776	2
1777	27
1778	13
1779	22
1780	31
1781	24
1782	21
1783	8
1784	13
1785	34
1786	8
1787	8
1788	13
1789	22
1790	33
1791	1
1792	10
1793	11
1794	14
1795	10
1796	13
1797	5
1798	27
1799	16
1800	8
1801	26
1802	15
1803	34
1804	15
1805	2
1806	17
1807	35
1808	35
1809	8
1810	15
1811	11
1812	14
1813	14
1814	22
1815	3
1816	14
1817	28
1818	23
1819	14
1820	19
1821	27
1822	13
1823	34
1824	26
1825	28
1826	21
1827	32
1828	20
1829	33
1830	29
1831	20
1832	23
1833	15
1834	1
1835	8
1836	1
1837	11
1838	33
1839	14
1840	2
1841	13
1842	31
1843	35
1844	26
1845	9
1846	18
1847	33
1848	5
1849	10
1850	5
1851	12
1852	10
1853	15
1854	15
1855	26
1856	14
1857	6
1858	24
1859	17
1860	1
1861	14
1862	24
1863	34
1864	22
1865	13
1866	29
1867	26
1868	24
1869	11
1870	23
1871	20
1872	34
1873	29
1874	20
1875	21
1876	3
1877	20
1878	24
1879	13
1880	5
1881	13
1882	24
1883	1
1884	26
1885	14
1886	35
1887	1
1888	16
1889	5
1890	5
1891	22
1892	13
1893	17
1894	17
1895	7
1896	19
1897	17
1898	22
1899	9
1900	7
1901	12
1902	3
1903	12
1904	9
1905	24
1906	34
1907	34
1908	12
1909	6
1910	28
1911	26
1912	24
1913	10
1914	29
1915	23
1916	9
1917	33
1918	2
1919	5
1920	24
1921	1
1922	20
1923	19
1924	8
1925	2
1926	1
1927	32
1928	1
1929	8
1930	14
1931	22
1932	1
1933	2
1934	20
1935	24
1936	27
1937	21
1938	12
1939	34
1940	28
1941	13
1942	29
1943	16
1944	4
1945	15
1946	11
1947	11
1948	4
1949	27
1950	30
1951	6
1952	1
1953	5
1954	5
1955	17
1956	31
1957	14
1958	18
1959	9
1960	29
1961	34
1962	5
1963	35
1964	10
1965	31
1966	13
1967	9
1968	24
1969	21
1970	19
1971	15
1972	34
1973	20
1974	4
1975	26
1976	28
1977	12
1978	3
1979	21
1980	11
1981	24
1982	6
1983	33
1984	8
1985	8
1986	18
1987	9
1988	31
1989	18
1990	6
1991	11
1992	35
1993	24
1994	27
1995	28
1996	35
1997	17
1998	9
1999	11
2000	27
2001	35
2002	20
2003	18
2004	9
2005	8
2006	35
2007	16
2008	17
2009	9
2010	20
2011	19
2012	21
2013	8
2014	11
2015	12
2016	27
2017	18
2018	13
2019	34
2020	11
2021	23
2022	20
2023	2
2024	12
2025	17
2026	6
2027	28
2028	15
2029	11
2030	8
2031	1
2032	20
2033	7
2034	11
2035	15
2036	34
2037	27
2038	26
2039	12
2040	21
2041	12
2042	32
2043	26
2044	17
2045	1
2046	9
2047	25
2048	13
2049	15
2050	4
2051	21
2052	5
2053	29
2054	4
2055	33
2056	20
2057	12
2058	20
2059	26
2060	31
2061	24
2062	19
2063	14
2064	14
2065	17
2066	3
2067	13
2068	8
2069	11
2070	12
2071	21
2072	6
2073	27
2074	4
2075	25
2076	34
2077	10
2078	4
2079	35
2080	9
2081	21
2082	18
2083	33
2084	29
2085	33
2086	19
2087	5
2088	21
2089	7
2090	1
2091	35
2092	9
2093	34
2094	18
2095	17
2096	21
2097	13
2098	12
2099	34
2100	17
2101	15
2102	3
2103	21
2104	10
2105	17
2106	15
2107	11
2108	23
2109	3
2110	2
2111	22
2112	34
2113	18
2114	27
2115	28
2116	18
2117	22
2118	27
2119	13
2120	17
2121	15
2122	12
2123	3
2124	30
2125	21
2126	29
2127	11
2128	4
2129	21
2130	19
2131	29
2132	22
2133	22
2134	19
2135	18
2136	21
2137	11
2138	2
2139	2
2140	19
2141	30
2142	15
2143	27
2144	28
2145	33
2146	32
2147	35
2148	26
2149	32
2150	17
2151	17
2152	29
2153	17
2154	8
2155	7
2156	24
2157	9
2158	17
2159	1
2160	32
2161	26
2162	31
2163	2
2164	20
2165	16
2166	32
2167	16
2168	3
2169	6
2170	25
2171	27
2172	24
2173	34
2174	22
2175	30
2176	17
2177	1
2178	6
2179	20
2180	26
2181	22
2182	31
2183	12
2184	33
2185	30
2186	35
2187	13
2188	23
2189	19
2190	31
2191	31
2192	27
2193	22
2194	6
2195	24
2196	32
2197	13
2198	33
2199	17
2200	8
2201	26
2202	8
2203	13
2204	18
2205	13
2206	27
2207	10
2208	18
2209	32
2210	32
2211	2
2212	23
2213	28
2214	2
2215	11
2216	33
2217	7
2218	14
2219	24
2220	32
2221	17
2222	33
2223	34
2224	13
2225	6
2226	2
2227	3
2228	33
2229	35
2230	11
2231	22
2232	17
2233	34
2234	17
2235	23
2236	12
2237	30
2238	31
2239	7
2240	34
2241	25
2242	21
2243	25
2244	13
2245	25
2246	6
2247	24
2248	8
2249	31
2250	34
2251	33
2252	8
2253	22
2254	25
2255	32
2256	32
2257	25
2258	18
2259	32
2260	32
2261	27
2262	8
2263	29
2264	15
2265	19
2266	6
2267	1
2268	16
2269	7
2270	33
2271	26
2272	18
2273	2
2274	16
2275	15
2276	28
2277	30
2278	8
2279	16
2280	29
2281	23
2282	1
2283	32
2284	35
2285	25
2286	9
2287	10
2288	12
2289	19
2290	29
2291	18
2292	35
2293	7
2294	8
2295	27
2296	27
2297	16
2298	22
2299	15
2300	26
2301	24
2302	25
2303	31
2304	25
2305	24
2306	27
2307	28
2308	1
2309	15
2310	14
2311	19
2312	10
2313	27
2314	7
2315	1
2316	20
2317	20
2318	14
2319	19
2320	17
2321	19
2322	8
2323	7
2324	35
2325	7
2326	10
2327	20
2328	19
2329	6
2330	32
2331	1
2332	12
2333	17
2334	15
2335	13
2336	15
2337	24
2338	23
2339	23
2340	33
2341	27
2342	26
2343	32
2344	21
2345	8
2346	24
2347	20
2348	12
2349	11
2350	16
2351	7
2352	26
2353	11
2354	1
2355	29
2356	34
2357	4
2358	1
2359	7
2360	12
2361	17
2362	8
2363	26
2364	25
2365	10
2366	12
2367	21
2368	7
2369	17
2370	34
2371	14
2372	19
2373	10
2374	27
2375	19
2376	31
2377	26
2378	8
2379	1
2380	29
2381	11
2382	33
2383	23
2384	2
2385	6
2386	15
2387	20
2388	15
2389	23
2390	19
2391	28
2392	13
2393	5
2394	15
2395	30
2396	21
2397	14
2398	10
2399	34
2400	28
2401	27
2402	22
2403	21
2404	10
2405	29
2406	15
2407	10
2408	27
2409	35
2410	20
2411	32
2412	4
2413	22
2414	8
2415	31
2416	19
2417	18
2418	11
2419	9
2420	15
2421	20
2422	11
2423	14
2424	12
2425	18
2426	15
2427	2
2428	32
2429	1
2430	25
2431	9
2432	24
2433	7
2434	27
2435	27
2436	24
2437	12
2438	34
2439	24
2440	35
2441	33
2442	20
2443	14
2444	33
2445	18
2446	18
2447	3
2448	6
2449	3
2450	18
2451	34
2452	28
2453	10
2454	9
2455	11
2456	1
2457	12
2458	32
2459	27
2460	4
2461	15
2462	29
2463	20
2464	21
2465	34
2466	12
2467	26
2468	2
2469	32
2470	22
2471	22
2472	18
2473	33
2474	34
2475	5
2476	32
2477	7
2478	7
2479	18
2480	5
2481	8
2482	32
2483	32
2484	19
2485	35
2486	24
2487	15
2488	34
2489	21
2490	15
2491	1
2492	24
2493	21
2494	31
2495	6
2496	11
2497	11
2498	11
2499	15
2500	35
2501	16
2502	20
2503	22
2504	28
2505	7
2506	22
2507	32
2508	7
2509	18
2510	8
2511	26
2512	11
2513	8
2514	13
2515	16
2516	20
2517	4
2518	31
2519	25
2520	33
2521	34
2522	21
2523	19
2524	4
2525	1
2526	11
2527	13
2528	17
2529	35
2530	28
2531	35
2532	31
2533	28
2534	14
2535	28
2536	9
2537	31
2538	31
2539	5
2540	31
2541	25
2542	32
2543	31
2544	12
2545	7
2546	30
2547	25
2548	2
2549	9
2550	35
2551	19
2552	23
2553	7
2554	31
2555	6
2556	12
2557	12
2558	11
2559	11
2560	18
2561	10
2562	13
2563	33
2564	7
2565	1
2566	20
2567	12
2568	18
2569	18
2570	14
2571	3
2572	27
2573	27
2574	10
2575	13
2576	11
2577	24
2578	29
2579	5
2580	18
2581	25
2582	25
2583	15
2584	13
2585	31
2586	20
2587	20
2588	26
2589	21
2590	32
2591	15
2592	24
2593	23
2594	11
2595	13
2596	6
2597	29
2598	24
2599	18
2600	12
2601	22
2602	33
2603	19
2604	1
2605	21
2606	2
2607	20
2608	35
2609	3
2610	31
2611	11
2612	4
2613	20
2614	7
2615	3
2616	14
2617	11
2618	21
2619	19
2620	22
2621	2
2622	33
2623	1
2624	34
2625	17
2626	24
2627	9
2628	17
2629	4
2630	4
2631	17
2632	3
2633	15
2634	26
2635	14
2636	9
2637	5
2638	5
2639	13
2640	31
2641	34
2642	12
2643	33
2644	23
2645	28
2646	4
2647	19
2648	7
2649	22
2650	35
2651	29
2652	32
2653	9
2654	21
2655	13
2656	8
2657	26
2658	29
2659	21
2660	11
2661	12
2662	9
2663	11
2664	33
2665	21
2666	8
2667	1
2668	35
2669	6
2670	6
2671	18
2672	28
2673	3
2674	21
2675	23
2676	9
2677	10
2678	23
2679	1
2680	17
2681	13
2682	32
2683	18
2684	12
2685	26
2686	8
2687	7
2688	15
2689	24
2690	12
2691	30
2692	12
2693	11
2694	15
2695	1
2696	5
2697	23
2698	21
2699	27
2700	26
2701	13
2702	30
2703	35
2704	34
2705	15
2706	6
2707	8
2708	17
2709	6
2710	9
2711	21
2712	5
2713	22
2714	2
2715	8
2716	15
2717	3
2718	18
2719	22
2720	35
2721	4
2722	34
2723	13
2724	18
2725	2
2726	32
2727	9
2728	11
2729	29
2730	29
2731	4
2732	21
2733	13
2734	10
2735	34
2736	8
2737	14
2738	20
2739	32
2740	8
2741	31
2742	1
2743	30
2744	28
2745	22
2746	8
2747	27
2748	15
2749	24
2750	32
2751	34
2752	17
2753	1
2754	19
2755	29
2756	1
2757	31
2758	14
2759	3
2760	22
2761	34
2762	5
2763	11
2764	31
2765	12
2766	1
2767	21
2768	7
2769	5
2770	1
2771	5
2772	10
2773	1
2774	32
2775	34
2776	9
2777	33
2778	20
2779	3
2780	34
2781	30
2782	33
2783	28
2784	18
2785	7
2786	25
2787	34
2788	3
2789	10
2790	8
2791	35
2792	13
2793	10
2794	1
2795	3
2796	19
2797	12
2798	33
2799	28
2800	6
2801	22
2802	21
2803	25
2804	17
2805	28
2806	21
2807	11
2808	15
2809	30
2810	10
2811	29
2812	26
2813	18
2814	26
2815	6
2816	34
2817	20
2818	13
2819	17
2820	21
2821	19
2822	4
2823	2
2824	32
2825	35
2826	30
2827	13
2828	1
2829	12
2830	11
2831	18
2832	22
2833	14
2834	33
2835	32
2836	34
2837	7
2838	8
2839	21
2840	32
2841	33
2842	9
2843	13
2844	35
2845	17
2846	24
2847	2
2848	28
2849	32
2850	3
2851	32
2852	17
2853	32
2854	14
2855	11
2856	1
2857	19
2858	3
2859	18
2860	10
2861	28
2862	21
2863	14
2864	7
2865	11
2866	26
2867	8
2868	17
2869	3
2870	28
2871	21
2872	9
2873	11
2874	13
2875	35
2876	21
2877	30
2878	23
2879	24
2880	26
2881	19
2882	30
2883	32
2884	16
2885	8
2886	21
2887	29
2888	33
2889	34
2890	5
2891	17
2892	25
2893	15
2894	15
2895	2
2896	2
2897	28
2898	19
2899	23
2900	33
2901	10
2902	27
2903	9
2904	33
2905	16
2906	34
2907	35
2908	14
2909	4
2910	1
2911	31
2912	14
2913	22
2914	31
2915	27
2916	17
2917	31
2918	12
2919	7
2920	16
2921	14
2922	20
2923	5
2924	22
2925	21
2926	34
2927	15
2928	35
2929	13
2930	23
2931	25
2932	21
2933	13
2934	17
2935	30
2936	5
2937	34
2938	20
2939	21
2940	23
2941	23
2942	35
2943	19
2944	17
2945	5
2946	34
2947	32
2948	17
2949	11
2950	9
2951	20
2952	34
2953	6
2954	22
2955	9
2956	26
2957	33
2958	15
2959	16
2960	35
2961	26
2962	1
2963	22
2964	26
2965	5
2966	30
2967	20
2968	25
2969	35
2970	4
2971	28
2972	24
2973	2
2974	21
2975	7
2976	2
2977	10
2978	35
2979	28
2980	19
2981	15
2982	9
2983	15
2984	15
2985	27
2986	27
2987	32
2988	33
2989	34
2990	24
2991	28
2992	4
2993	11
2994	17
2995	5
2996	17
2997	12
2998	22
2999	24
3000	14
3001	2
3002	19
3003	31
3004	15
3005	26
3006	17
3007	13
3008	18
3009	31
3010	8
3011	18
3012	2
3013	15
3014	15
3015	23
3016	32
3017	27
3018	25
3019	31
3020	29
3021	34
3022	12
3023	4
3024	34
3025	24
3026	29
3027	25
3028	27
3029	5
3030	3
3031	31
3032	21
3033	19
3034	8
3035	22
3036	35
3037	14
3038	23
3039	15
3040	9
3041	34
3042	20
3043	33
3044	1
3045	26
3046	9
3047	19
3048	28
3049	22
3050	32
3051	3
3052	25
3053	21
3054	26
3055	22
3056	34
3057	16
3058	19
3059	31
3060	4
3061	18
3062	7
3063	18
3064	18
3065	33
3066	12
3067	6
3068	9
3069	25
3070	28
3071	33
3072	20
3073	11
3074	30
3075	21
3076	6
3077	8
3078	27
3079	6
3080	29
3081	16
3082	18
3083	30
3084	35
3085	5
3086	23
3087	29
3088	15
3089	25
3090	12
3091	20
3092	35
3093	19
3094	15
3095	15
3096	30
3097	19
3098	17
3099	13
3100	32
3101	18
3102	30
3103	12
3104	11
3105	29
3106	24
3107	11
3108	16
3109	33
3110	2
3111	6
3112	25
3113	3
3114	7
3115	10
3116	3
3117	17
3118	26
3119	18
3120	17
3121	26
3122	33
3123	31
3124	7
3125	11
3126	4
3127	35
3128	10
3129	28
3130	11
3131	16
3132	14
3133	23
3134	34
3135	19
3136	13
3137	4
3138	3
3139	16
3140	31
3141	5
3142	24
3143	28
3144	17
3145	12
3146	1
3147	7
3148	16
3149	22
3150	10
3151	1
3152	11
3153	27
3154	32
3155	26
3156	13
3157	3
3158	2
3159	8
3160	2
3161	6
3162	34
3163	34
3164	24
3165	9
3166	10
3167	15
3168	28
3169	19
3170	1
3171	21
3172	17
3173	20
3174	19
3175	22
3176	3
3177	34
3178	26
3179	34
3180	11
3181	30
3182	12
3183	30
3184	31
3185	29
3186	20
3187	27
3188	8
3189	12
3190	33
3191	19
3192	4
3193	33
3194	13
3195	32
3196	32
3197	31
3198	32
3199	6
3200	22
3201	11
3202	10
3203	3
3204	21
3205	22
3206	31
3207	28
3208	11
3209	12
3210	35
3211	18
3212	26
3213	3
3214	29
3215	35
3216	8
3217	34
3218	13
3219	6
3220	27
3221	28
3222	5
3223	4
3224	7
3225	19
3226	34
3227	1
3228	18
3229	4
3230	17
3231	30
3232	14
3233	12
3234	24
3235	25
3236	20
3237	35
3238	4
3239	24
3240	16
3241	31
3242	22
3243	28
3244	13
3245	30
3246	13
3247	26
3248	32
3249	30
3250	31
3251	2
3252	26
3253	25
3254	24
3255	23
3256	33
3257	31
3258	19
3259	3
3260	4
3261	29
3262	31
3263	7
3264	8
3265	32
3266	10
3267	10
3268	19
3269	8
3270	17
3271	5
3272	17
3273	32
3274	21
3275	26
3276	17
3277	13
3278	7
3279	20
3280	29
3281	3
3282	35
3283	26
3284	22
3285	16
3286	21
3287	34
3288	17
3289	17
3290	25
3291	34
3292	15
3293	33
3294	17
3295	4
3296	27
3297	32
3298	12
3299	21
3300	13
3301	22
3302	34
3303	15
3304	20
3305	22
3306	31
3307	9
3308	30
3309	10
3310	31
3311	27
3312	32
3313	14
3314	23
3315	20
3316	32
3317	7
3318	27
3319	11
3320	4
3321	23
3322	7
3323	27
3324	33
3325	34
3326	35
3327	1
3328	22
3329	11
3330	32
3331	20
3332	9
3333	22
3334	4
3335	13
3336	9
3337	13
3338	22
3339	32
3340	35
3341	11
3342	1
3343	15
3344	20
3345	1
3346	22
3347	27
3348	28
3349	28
3350	23
3351	3
3352	10
3353	3
3354	35
3355	32
3356	29
3357	12
3358	35
3359	17
3360	8
3361	11
3362	9
3363	10
3364	7
3365	9
3366	22
3367	22
3368	21
3369	35
3370	14
3371	25
3372	2
3373	33
3374	2
3375	30
3376	11
3377	26
3378	34
3379	9
3380	7
3381	25
3382	7
3383	23
3384	6
3385	31
3386	12
3387	8
3388	24
3389	21
3390	20
3391	18
3392	11
3393	15
3394	23
3395	11
3396	1
3397	1
3398	29
3399	27
3400	33
3401	18
3402	2
3403	31
3404	15
3405	12
3406	18
3407	24
3408	10
3409	27
3410	24
3411	30
3412	16
3413	27
3414	17
3415	4
3416	13
3417	5
3418	32
3419	24
3420	23
3421	10
3422	24
3423	25
3424	3
3425	28
3426	6
3427	10
3428	23
3429	32
3430	23
3431	23
3432	9
3433	28
3434	34
3435	9
3436	8
3437	5
3438	16
3439	19
3440	9
3441	17
3442	3
3443	19
3444	28
3445	14
3446	10
3447	35
3448	8
3449	5
3450	1
3451	20
3452	35
3453	24
3454	31
3455	16
3456	28
3457	4
3458	17
3459	1
3460	8
3461	35
3462	22
3463	10
3464	33
3465	19
3466	27
3467	19
3468	9
3469	34
3470	16
3471	15
3472	20
3473	32
3474	33
3475	9
3476	31
3477	18
3478	27
3479	16
3480	4
3481	31
3482	3
3483	25
3484	30
3485	10
3486	31
3487	8
3488	26
3489	17
3490	20
3491	16
3492	9
3493	19
3494	1
3495	23
3496	17
3497	35
3498	15
3499	7
3500	34
3501	33
3502	26
3503	31
3504	11
3505	16
3506	26
3507	8
3508	14
3509	1
3510	4
3511	22
3512	18
3513	32
3514	18
3515	1
3516	22
3517	11
3518	21
3519	11
3520	10
3521	17
3522	8
3523	34
3524	16
3525	35
3526	14
3527	2
3528	23
3529	25
3530	26
3531	13
3532	1
3533	35
3534	3
3535	33
3536	12
3537	19
3538	27
3539	17
3540	21
3541	6
3542	5
3543	1
3544	33
3545	16
3546	10
3547	9
3548	9
3549	9
3550	7
3551	13
3552	12
3553	26
3554	27
3555	9
3556	27
3557	24
3558	23
3559	4
3560	26
3561	16
3562	28
3563	28
3564	35
3565	35
3566	35
3567	24
3568	20
3569	23
3570	6
3571	33
3572	29
3573	34
3574	5
3575	8
3576	12
3577	11
3578	13
3579	2
3580	19
3581	22
3582	33
3583	1
3584	5
3585	22
3586	22
3587	27
3588	31
3589	24
3590	8
3591	22
3592	21
3593	26
3594	13
3595	10
3596	23
3597	21
3598	15
3599	19
3600	2
3601	21
3602	12
3603	33
3604	17
3605	3
3606	29
3607	11
3608	23
3609	1
3610	15
3611	24
3612	11
3613	2
3614	33
3615	11
3616	25
3617	14
3618	25
3619	17
3620	21
3621	17
3622	22
3623	9
3624	22
3625	20
3626	29
3627	24
3628	22
3629	15
3630	12
3631	27
3632	26
3633	14
3634	17
3635	11
3636	2
3637	22
3638	27
3639	21
3640	8
3641	27
3642	27
3643	6
3644	12
3645	25
3646	27
3647	23
3648	2
3649	20
3650	26
3651	11
3652	26
3653	22
3654	1
3655	34
3656	13
3657	32
3658	18
3659	31
3660	2
3661	25
3662	17
3663	24
3664	29
3665	11
3666	10
3667	24
3668	26
3669	2
3670	33
3671	12
3672	7
3673	6
3674	17
3675	32
3676	11
3677	17
3678	9
3679	16
3680	3
3681	21
3682	19
3683	8
3684	27
3685	6
3686	19
3687	32
3688	25
3689	29
3690	27
3691	5
3692	35
3693	14
3694	8
3695	24
3696	12
3697	24
3698	31
3699	14
3700	23
3701	8
3702	28
3703	14
3704	19
3705	7
3706	13
3707	22
3708	27
3709	4
3710	25
3711	13
3712	26
3713	28
3714	30
3715	13
3716	1
3717	35
3718	8
3719	29
3720	34
3721	2
3722	34
3723	12
3724	25
3725	31
3726	19
3727	2
3728	15
3729	32
3730	7
3731	34
3732	29
3733	34
3734	34
3735	9
3736	4
3737	12
3738	28
3739	25
3740	13
3741	33
3742	13
3743	3
3744	11
3745	1
3746	31
3747	32
3748	3
3749	11
3750	15
3751	6
3752	20
3753	14
3754	28
3755	15
3756	26
3757	5
3758	19
3759	7
3760	13
3761	12
3762	7
3763	15
3764	34
3765	34
3766	26
3767	26
3768	8
3769	11
3770	17
3771	22
3772	17
3773	14
3774	15
3775	27
3776	7
3777	13
3778	34
3779	13
3780	29
3781	35
3782	11
3783	32
3784	35
3785	35
3786	35
3787	9
3788	25
3789	26
3790	8
3791	10
3792	17
3793	32
3794	3
3795	31
3796	33
3797	12
3798	22
3799	15
3800	12
3801	34
3802	24
3803	20
3804	13
3805	32
3806	24
3807	9
3808	14
3809	31
3810	10
3811	16
3812	35
3813	13
3814	31
3815	9
3816	17
3817	31
3818	17
3819	25
3820	10
3821	9
3822	27
3823	13
3824	18
3825	1
3826	35
3827	10
3828	20
3829	8
3830	15
3831	21
3832	25
3833	10
3834	34
3835	2
3836	3
3837	19
3838	10
3839	15
3840	28
3841	8
3842	23
3843	21
3844	25
3845	4
3846	2
3847	12
3848	9
3849	20
3850	14
3851	6
3852	18
3853	9
3854	15
3855	33
3856	32
3857	33
3858	22
3859	14
3860	35
3861	24
3862	6
3863	20
3864	22
3865	23
3866	3
3867	27
3868	35
3869	11
3870	21
3871	25
3872	18
3873	19
3874	4
3875	29
3876	23
3877	22
3878	25
3879	7
3880	26
3881	10
3882	3
3883	34
3884	31
3885	17
3886	17
3887	22
3888	35
3889	35
3890	35
3891	22
3892	28
3893	24
3894	4
3895	2
3896	30
3897	18
3898	23
3899	21
3900	5
3901	20
3902	17
3903	21
3904	7
3905	1
3906	13
3907	27
3908	34
3909	15
3910	19
3911	27
3912	1
3913	26
3914	24
3915	20
3916	33
3917	22
3918	5
3919	1
3920	34
3921	22
3922	24
3923	24
3924	30
3925	33
3926	20
3927	35
3928	11
3929	14
3930	22
3931	3
3932	2
3933	15
3934	22
3935	35
3936	22
3937	3
3938	30
3939	12
3940	24
3941	23
3942	12
3943	3
3944	18
3945	20
3946	35
3947	27
3948	11
3949	1
3950	14
3951	13
3952	19
3953	7
3954	1
3955	32
3956	2
3957	27
3958	24
3959	21
3960	20
3961	8
3962	4
3963	20
3964	25
3965	35
3966	35
3967	22
3968	20
3969	6
3970	11
3971	22
3972	22
3973	25
3974	8
3975	33
3976	34
3977	19
3978	22
3979	20
3980	26
3981	7
3982	11
3983	7
3984	17
3985	31
3986	6
3987	8
3988	23
3989	33
3990	17
3991	23
3992	15
3993	32
3994	26
3995	11
3996	30
3997	32
3998	14
3999	5
4000	12
4001	31
4002	35
4003	1
4004	21
4005	28
4006	18
4007	1
4008	33
4009	13
4010	27
4011	25
4012	33
4013	16
4014	24
4015	3
4016	31
4017	8
4018	11
4019	25
4020	34
4021	19
4022	5
4023	26
4024	25
4025	2
4026	24
4027	23
4028	11
4029	11
4030	3
4031	3
4032	20
4033	27
4034	35
4035	34
4036	21
4037	33
4038	23
4039	15
4040	12
4041	27
4042	13
4043	24
4044	33
4045	29
4046	2
4047	25
4048	31
4049	7
4050	23
4051	35
4052	15
4053	3
4054	16
4055	4
4056	17
4057	1
4058	9
4059	32
4060	4
4061	29
4062	17
4063	12
4064	3
4065	6
4066	22
4067	33
4068	28
4069	28
4070	5
4071	11
4072	1
4073	35
4074	13
4075	27
4076	22
4077	14
4078	3
4079	21
4080	22
4081	5
4082	19
4083	5
4084	34
4085	15
4086	6
4087	4
4088	7
4089	32
4090	25
4091	33
4092	18
4093	13
4094	13
4095	23
4096	12
4097	24
4098	14
4099	12
4100	16
4101	11
4102	18
4103	32
4104	19
4105	17
4106	26
4107	7
4108	1
4109	23
4110	2
4111	9
4112	2
4113	21
4114	4
4115	11
4116	28
4117	6
4118	31
4119	20
4120	4
4121	33
4122	19
4123	2
4124	22
4125	21
4126	31
4127	15
4128	21
4129	21
4130	1
4131	15
4132	18
4133	13
4134	18
4135	15
4136	20
4137	27
4138	34
4139	15
4140	5
4141	9
4142	33
4143	18
4144	8
4145	13
4146	23
4147	5
4148	1
4149	20
4150	19
4151	6
4152	27
4153	20
4154	10
4155	12
4156	7
4157	16
4158	18
4159	35
4160	5
4161	17
4162	9
4163	3
4164	13
4165	13
4166	16
4167	31
4168	21
4169	20
4170	28
4171	8
4172	17
4173	6
4174	22
4175	32
4176	2
4177	23
4178	20
4179	33
4180	15
4181	18
4182	22
4183	10
4184	3
4185	8
4186	6
4187	25
4188	32
4189	29
4190	10
4191	27
4192	11
4193	8
4194	25
4195	15
4196	18
4197	28
4198	17
4199	1
4200	20
4201	21
4202	9
4203	24
4204	8
4205	7
4206	17
4207	6
4208	20
4209	30
4210	28
4211	31
4212	9
4213	16
4214	8
4215	29
4216	32
4217	1
4218	28
4219	11
4220	13
4221	31
4222	33
4223	12
4224	20
4225	8
4226	32
4227	19
4228	7
4229	32
4230	10
4231	26
4232	11
4233	34
4234	18
4235	27
4236	32
4237	2
4238	24
4239	33
4240	29
4241	27
4242	27
4243	23
4244	21
4245	6
4246	15
4247	26
4248	18
4249	9
4250	7
4251	8
4252	15
4253	27
4254	11
4255	7
4256	16
4257	24
4258	22
4259	22
4260	3
4261	2
4262	17
4263	12
4264	6
4265	2
4266	31
4267	31
4268	23
4269	25
4270	13
4271	1
4272	15
4273	3
4274	17
4275	17
4276	8
4277	17
4278	2
4279	16
4280	4
4281	13
4282	7
4283	27
4284	7
4285	20
4286	7
4287	20
4288	4
4289	34
4290	23
4291	24
4292	27
4293	6
4294	30
4295	21
4296	11
4297	30
4298	21
4299	31
4300	15
4301	8
4302	21
4303	29
4304	11
4305	4
4306	28
4307	23
4308	2
4309	9
4310	15
4311	13
4312	24
4313	32
4314	7
4315	24
4316	1
4317	11
4318	20
4319	22
4320	9
4321	11
4322	34
4323	13
4324	4
4325	15
4326	31
4327	7
4328	19
4329	1
4330	27
4331	13
4332	35
4333	19
4334	21
4335	17
4336	21
4337	21
4338	10
4339	2
4340	23
4341	19
4342	20
4343	9
4344	15
4345	17
4346	20
4347	6
4348	26
4349	7
4350	20
4351	8
4352	4
4353	2
4354	15
4355	9
4356	34
4357	20
4358	2
4359	29
4360	24
4361	9
4362	20
4363	33
4364	29
4365	10
4366	14
4367	13
4368	34
4369	17
4370	35
4371	6
4372	19
4373	21
4374	2
4375	33
4376	15
4377	25
4378	31
4379	29
4380	6
4381	3
4382	19
4383	25
4384	33
4385	32
4386	35
4387	14
4388	18
4389	24
4390	23
4391	31
4392	6
4393	16
4394	2
4395	23
4396	29
4397	20
4398	13
4399	26
4400	25
4401	34
4402	5
4403	4
4404	35
4405	5
4406	10
4407	13
4408	11
4409	7
4410	30
4411	21
4412	5
4413	34
4414	11
4415	7
4416	31
4417	6
4418	33
4419	11
4420	21
4421	15
4422	31
4423	12
4424	30
4425	1
4426	3
4427	19
4428	30
4429	25
4430	33
4431	21
4432	6
4433	29
4434	17
4435	6
4436	26
4437	24
4438	24
4439	14
4440	13
4441	8
4442	29
4443	31
4444	24
4445	31
4446	5
4447	32
4448	26
4449	24
4450	28
4451	30
4452	31
4453	11
4454	19
4455	31
4456	32
4457	6
4458	34
4459	30
4460	20
4461	23
4462	13
4463	32
4464	9
4465	35
4466	15
4467	20
4468	19
4469	10
4470	12
4471	23
4472	11
4473	26
4474	13
4475	31
4476	22
4477	34
4478	32
4479	6
4480	17
4481	22
4482	22
4483	10
4484	8
4485	9
4486	31
4487	13
4488	4
4489	17
4490	20
4491	6
4492	17
4493	26
4494	25
4495	35
4496	16
4497	27
4498	27
4499	19
4500	18
4501	4
4502	5
4503	3
4504	6
4505	13
4506	7
4507	7
4508	8
4509	11
4510	12
4511	30
4512	3
4513	29
4514	12
4515	21
4516	1
4517	18
4518	24
4519	9
4520	13
4521	28
4522	8
4523	21
4524	19
4525	6
4526	3
4527	20
4528	12
4529	20
4530	21
4531	17
4532	28
4533	11
4534	17
4535	27
4536	30
4537	29
4538	9
4539	1
4540	23
4541	6
4542	1
4543	2
4544	12
4545	7
4546	5
4547	20
4548	6
4549	22
4550	24
4551	9
4552	5
4553	29
4554	35
4555	21
4556	32
4557	14
4558	33
4559	5
4560	30
4561	31
4562	22
4563	6
4564	30
4565	12
4566	24
4567	17
4568	7
4569	12
4570	3
4571	16
4572	26
4573	24
4574	33
4575	28
4576	26
4577	19
4578	21
4579	22
4580	32
4581	32
4582	31
4583	7
4584	26
4585	13
4586	26
4587	1
4588	30
4589	29
4590	8
4591	29
4592	21
4593	32
4594	33
4595	21
4596	19
4597	25
4598	9
4599	24
4600	17
4601	5
4602	23
4603	29
4604	12
4605	15
4606	22
4607	2
4608	32
4609	20
4610	5
4611	33
4612	24
4613	32
4614	18
4615	9
4616	6
4617	18
4618	1
4619	32
4620	14
4621	22
4622	26
4623	22
4624	22
4625	30
4626	15
4627	6
4628	24
4629	22
4630	14
4631	2
4632	18
4633	11
4634	22
4635	13
4636	24
4637	31
4638	24
4639	8
4640	15
4641	25
4642	31
4643	30
4644	15
4645	26
4646	1
4647	13
4648	4
4649	23
4650	9
4651	11
4652	8
4653	26
4654	35
4655	28
4656	22
4657	12
4658	17
4659	31
4660	14
4661	28
4662	25
4663	25
4664	19
4665	24
4666	8
4667	26
4668	35
4669	33
4670	20
4671	6
4672	25
4673	30
4674	6
4675	1
4676	31
4677	21
4678	32
4679	11
4680	1
4681	24
4682	18
4683	4
4684	21
4685	35
4686	22
4687	11
4688	27
4689	15
4690	24
4691	19
4692	30
4693	24
4694	8
4695	34
4696	24
4697	16
4698	1
4699	35
4700	1
4701	35
4702	2
4703	7
4704	3
4705	29
4706	1
4707	17
4708	19
4709	5
4710	17
4711	23
4712	16
4713	19
4714	26
4715	28
4716	35
4717	33
4718	13
4719	32
4720	4
4721	4
4722	8
4723	7
4724	13
4725	3
4726	27
4727	21
4728	9
4729	31
4730	19
4731	7
4732	34
4733	9
4734	22
4735	16
4736	25
4737	33
4738	29
4739	19
4740	24
4741	23
4742	25
4743	5
4744	22
4745	21
4746	13
4747	2
4748	14
4749	34
4750	13
4751	30
4752	32
4753	22
4754	35
4755	21
4756	1
4757	26
4758	21
4759	9
4760	34
4761	29
4762	28
4763	24
4764	8
4765	24
4766	8
4767	4
4768	14
4769	5
4770	11
4771	18
4772	5
4773	29
4774	11
4775	11
4776	9
4777	3
4778	17
4779	13
4780	32
4781	21
4782	13
4783	15
4784	13
4785	8
4786	7
4787	15
4788	16
4789	21
4790	8
4791	2
4792	15
4793	3
4794	12
4795	34
4796	17
4797	5
4798	31
4799	14
4800	20
4801	13
4802	14
4803	27
4804	9
4805	9
4806	11
4807	19
4808	6
4809	31
4810	28
4811	2
4812	12
4813	27
4814	12
4815	6
4816	20
4817	24
4818	27
4819	11
4820	14
4821	8
4822	33
4823	4
4824	28
4825	25
4826	11
4827	6
4828	14
4829	28
4830	27
4831	30
4832	21
4833	19
4834	5
4835	31
4836	16
4837	27
4838	2
4839	12
4840	33
4841	34
4842	14
4843	35
4844	33
4845	33
4846	1
4847	11
4848	10
4849	19
4850	3
4851	9
4852	1
4853	8
4854	30
4855	8
4856	27
4857	33
4858	21
4859	18
4860	28
4861	19
4862	24
4863	26
4864	24
4865	17
4866	10
4867	20
4868	34
4869	34
4870	17
4871	23
4872	12
4873	22
4874	34
4875	16
4876	13
4877	21
4878	1
4879	13
4880	9
4881	26
4882	16
4883	34
4884	2
4885	20
4886	20
4887	8
4888	24
4889	2
4890	16
4891	4
4892	1
4893	21
4894	11
4895	32
4896	14
4897	15
4898	15
4899	35
4900	28
4901	26
4902	33
4903	17
4904	22
4905	31
4906	22
4907	13
4908	32
4909	8
4910	14
4911	25
4912	12
4913	16
4914	10
4915	25
4916	3
4917	23
4918	4
4919	29
4920	15
4921	34
4922	7
4923	8
4924	34
4925	16
4926	17
4927	11
4928	31
4929	18
4930	27
4931	24
4932	24
4933	7
4934	1
4935	31
4936	27
4937	30
4938	14
4939	17
4940	35
4941	4
4942	33
4943	24
4944	23
4945	24
4946	15
4947	16
4948	15
4949	2
4950	20
4951	11
4952	17
4953	5
4954	15
4955	34
4956	19
4957	9
4958	33
4959	24
4960	30
4961	11
4962	4
4963	16
4964	31
4965	33
4966	24
4967	24
4968	5
4969	8
4970	27
4971	19
4972	29
4973	13
4974	9
4975	2
4976	21
4977	4
4978	15
4979	30
4980	9
4981	34
4982	28
4983	22
4984	24
4985	13
4986	12
4987	21
4988	1
4989	19
4990	27
4991	16
4992	7
4993	34
4994	30
4995	24
4996	20
4997	30
4998	16
4999	30
