0	23
1	44
2	4
3	64
4	19
5	53
6	32
7	27
8	2
9	12
10	44
11	17
12	19
13	2
14	16
15	40
16	34
17	48
18	55
19	43
20	15
21	53
22	42
23	41
24	2
25	13
26	33
27	10
28	47
29	52
30	47
31	13
32	17
33	68
34	7
35	3
36	63
37	58
38	38
39	35
40	4
41	38
42	21
43	60
44	12
45	5
46	62
47	49
48	57
49	5
50	17
51	10
52	55
53	27
54	26
55	31
56	64
57	48
58	5
59	24
60	6
61	13
62	18
63	1
64	68
65	20
66	52
67	33
68	56
69	57
70	16
71	29
72	23
73	35
74	3
75	34
76	29
77	20
78	55
79	30
80	64
81	37
82	34
83	18
84	61
85	67
86	2
87	13
88	23
89	59
90	10
91	24
92	19
93	34
94	5
95	44
96	10
97	65
98	38
99	49
100	4
101	1
102	20
103	51
104	47
105	49
106	2
107	24
108	17
109	53
110	12
111	45
112	66
113	58
114	5
115	57
116	58
117	32
118	18
119	62
120	11
121	18
122	6
123	31
124	42
125	18
126	61
127	49
128	57
129	44
130	59
131	15
132	65
133	26
134	33
135	34
136	42
137	53
138	10
139	10
140	64
141	15
142	47
143	13
144	1
145	5
146	14
147	27
148	20
149	47
150	39
151	32
152	49
153	18
154	19
155	53
156	29
157	55
158	50
159	12
160	67
161	62
162	67
163	67
164	41
165	67
166	20
167	13
168	32
169	51
170	17
171	65
172	61
173	66
174	32
175	33
176	3
177	21
178	48
179	62
180	17
181	56
182	47
183	50
184	48
185	44
186	4
187	11
188	36
189	65
190	47
191	49
192	48
193	55
194	19
195	36
196	62
197	62
198	16
199	42
200	24
201	57
202	8
203	29
204	2
205	20
206	16
207	41
208	32
209	63
210	10
211	57
212	15
213	65
214	1
215	26
216	20
217	1
218	5
219	64
220	41
221	47
222	50
223	67
224	54
225	56
226	27
227	19
228	18
229	39
230	50
231	36
232	44
233	31
234	46
235	23
236	4
237	12
238	20
239	19
240	65
241	18
242	50
243	42
244	23
245	1
246	32
247	29
248	29
249	20
250	39
251	66
252	67
253	22
254	60
255	42
256	19
257	31
258	47
259	40
260	18
261	19
262	30
263	21
264	11
265	48
266	24
267	49
268	68
269	10
270	4
271	21
272	9
273	49
274	37
275	22
276	45
277	18
278	6
279	27
280	43
281	56
282	31
283	32
284	55
285	29
286	34
287	36
288	3
289	31
290	58
291	27
292	29
293	52
294	44
295	56
296	51
297	10
298	60
299	24
300	23
301	35
302	55
303	42
304	58
305	5
306	60
307	15
308	68
309	52
310	28
311	11
312	66
313	51
314	32
315	30
316	3
317	32
318	68
319	66
320	23
321	26
322	33
323	21
324	42
325	2
326	33
327	13
328	5
329	33
330	22
331	28
332	66
333	2
334	6
335	66
336	66
337	67
338	28
339	39
340	55
341	22
342	64
343	45
344	53
345	9
346	65
347	42
348	36
349	60
350	58
351	62
352	7
353	60
354	39
355	48
356	56
357	55
358	27
359	2
360	10
361	21
362	3
363	48
364	7
365	31
366	60
367	8
368	53
369	51
370	9
371	64
372	54
373	47
374	60
375	8
376	22
377	41
378	55
379	11
380	38
381	23
382	39
383	39
384	48
385	2
386	11
387	50
388	63
389	47
390	16
391	43
392	16
393	14
394	48
395	31
396	38
397	59
398	4
399	51
400	51
401	28
402	29
403	17
404	29
405	37
406	35
407	38
408	29
409	58
410	10
411	3
412	20
413	7
414	4
415	63
416	56
417	4
418	68
419	3
420	34
421	20
422	57
423	32
424	45
425	40
426	41
427	68
428	10
429	8
430	39
431	12
432	45
433	35
434	50
435	36
436	17
437	37
438	35
439	10
440	44
441	59
442	4
443	38
444	54
445	55
446	16
447	2
448	18
449	35
450	23
451	57
452	48
453	37
454	39
455	58
456	29
457	20
458	30
459	26
460	3
461	31
462	32
463	6
464	10
465	44
466	7
467	10
468	26
469	2
470	63
471	57
472	65
473	26
474	48
475	35
476	66
477	45
478	29
479	37
480	18
481	50
482	4
483	16
484	60
485	52
486	33
487	53
488	16
489	64
490	21
491	33
492	66
493	34
494	27
495	23
496	30
497	62
498	41
499	3
500	49
501	64
502	59
503	46
504	43
505	14
506	53
507	66
508	27
509	28
510	56
511	10
512	54
513	38
514	30
515	40
516	58
517	44
518	59
519	12
520	47
521	37
522	62
523	39
524	63
525	16
526	41
527	10
528	51
529	68
530	65
531	15
532	28
533	35
534	17
535	23
536	1
537	65
538	17
539	33
540	9
541	47
542	63
543	29
544	62
545	26
546	68
547	33
548	24
549	8
550	10
551	33
552	15
553	65
554	10
555	5
556	51
557	59
558	39
559	65
560	63
561	25
562	51
563	55
564	46
565	48
566	54
567	14
568	4
569	55
570	23
571	46
572	7
573	57
574	24
575	48
576	10
577	19
578	44
579	34
580	58
581	37
582	50
583	56
584	30
585	2
586	10
587	63
588	11
589	56
590	62
591	48
592	35
593	39
594	11
595	19
596	17
597	13
598	3
599	21
600	4
601	28
602	15
603	12
604	64
605	37
606	38
607	28
608	10
609	10
610	22
611	9
612	23
613	56
614	32
615	35
616	66
617	1
618	28
619	35
620	64
621	47
622	16
623	14
624	14
625	46
626	38
627	63
628	29
629	41
630	36
631	4
632	38
633	32
634	49
635	26
636	10
637	55
638	32
639	10
640	17
641	61
642	34
643	10
644	8
645	23
646	68
647	14
648	1
649	22
650	27
651	23
652	20
653	57
654	57
655	36
656	12
657	37
658	45
659	9
660	65
661	29
662	64
663	55
664	64
665	14
666	66
667	35
668	31
669	40
670	31
671	1
672	50
673	15
674	50
675	58
676	55
677	13
678	47
679	44
680	65
681	4
682	50
683	9
684	45
685	67
686	2
687	46
688	50
689	55
690	46
691	29
692	65
693	61
694	51
695	65
696	59
697	57
698	44
699	63
700	22
701	15
702	42
703	30
704	39
705	55
706	30
707	10
708	20
709	17
710	53
711	48
712	48
713	49
714	46
715	60
716	48
717	10
718	51
719	39
720	9
721	18
722	23
723	1
724	50
725	28
726	55
727	48
728	61
729	60
730	52
731	30
732	2
733	23
734	9
735	22
736	67
737	63
738	18
739	55
740	52
741	49
742	16
743	20
744	40
745	58
746	13
747	19
748	68
749	42
750	5
751	20
752	10
753	12
754	39
755	4
756	66
757	22
758	53
759	20
760	40
761	11
762	25
763	38
764	58
765	25
766	51
767	43
768	32
769	61
770	11
771	49
772	13
773	60
774	24
775	55
776	55
777	38
778	44
779	28
780	39
781	60
782	3
783	15
784	7
785	51
786	3
787	44
788	32
789	67
790	41
791	52
792	29
793	23
794	8
795	30
796	29
797	43
798	53
799	2
800	57
801	7
802	52
803	67
804	14
805	57
806	30
807	41
808	46
809	60
810	3
811	50
812	46
813	45
814	11
815	16
816	38
817	33
818	49
819	31
820	34
821	44
822	64
823	10
824	40
825	18
826	23
827	42
828	20
829	32
830	29
831	62
832	33
833	59
834	65
835	57
836	20
837	51
838	8
839	59
840	41
841	36
842	49
843	23
844	8
845	59
846	46
847	35
848	4
849	54
850	33
851	37
852	21
853	58
854	3
855	54
856	57
857	42
858	51
859	65
860	22
861	60
862	34
863	12
864	37
865	17
866	48
867	20
868	33
869	6
870	23
871	35
872	18
873	34
874	65
875	36
876	17
877	59
878	47
879	55
880	21
881	46
882	46
883	21
884	12
885	53
886	26
887	35
888	52
889	6
890	23
891	57
892	43
893	28
894	58
895	32
896	1
897	27
898	28
899	4
900	18
901	54
902	54
903	56
904	38
905	56
906	65
907	14
908	12
909	10
910	61
911	54
912	24
913	65
914	8
915	2
916	54
917	56
918	51
919	29
920	34
921	29
922	31
923	20
924	27
925	42
926	18
927	17
928	51
929	47
930	14
931	66
932	4
933	59
934	47
935	66
936	50
937	23
938	1
939	50
940	60
941	9
942	34
943	56
944	51
945	41
946	26
947	39
948	28
949	42
950	4
951	30
952	11
953	60
954	67
955	12
956	35
957	1
958	52
959	63
960	17
961	51
962	10
963	47
964	21
965	8
966	52
967	10
968	49
969	50
970	21
971	25
972	20
973	32
974	49
975	44
976	55
977	48
978	24
979	20
980	38
981	43
982	27
983	65
984	37
985	10
986	66
987	34
988	65
989	66
990	57
991	46
992	23
993	23
994	48
995	4
996	5
997	25
998	57
999	54
1000	8
1001	32
1002	5
1003	22
1004	8
1005	41
1006	12
1007	43
1008	5
1009	49
1010	33
1011	11
1012	33
1013	45
1014	11
1015	38
1016	49
1017	25
1018	65
1019	64
1020	11
1021	35
1022	51
1023	15
1024	45
1025	27
1026	8
1027	33
1028	52
1029	63
1030	34
1031	28
1032	31
1033	51
1034	31
1035	27
1036	42
1037	31
1038	26
1039	32
1040	53
1041	17
1042	48
1043	34
1044	27
1045	48
1046	37
1047	48
1048	38
1049	14
1050	14
1051	66
1052	54
1053	20
1054	62
1055	8
1056	51
1057	28
1058	54
1059	55
1060	53
1061	58
1062	9
1063	46
1064	13
1065	39
1066	4
1067	56
1068	44
1069	2
1070	49
1071	63
1072	24
1073	38
1074	47
1075	28
1076	37
1077	17
1078	31
1079	58
1080	15
1081	4
1082	59
1083	39
1084	60
1085	42
1086	58
1087	48
1088	33
1089	39
1090	25
1091	61
1092	33
1093	34
1094	37
1095	33
1096	10
1097	22
1098	62
1099	7
1100	67
1101	55
1102	27
1103	8
1104	39
1105	11
1106	47
1107	47
1108	64
1109	19
1110	21
1111	27
1112	42
1113	23
1114	62
1115	48
1116	40
1117	51
1118	7
1119	5
1120	11
1121	54
1122	49
1123	7
1124	29
1125	58
1126	35
1127	19
1128	26
1129	68
1130	55
1131	28
1132	32
1133	55
1134	43
1135	66
1136	47
1137	46
1138	15
1139	48
1140	18
1141	22
1142	49
1143	38
1144	1
1145	19
1146	45
1147	23
1148	23
1149	39
1150	33
1151	65
1152	44
1153	49
1154	58
1155	55
1156	17
1157	46
1158	39
1159	6
1160	51
1161	58
1162	56
1163	56
1164	60
1165	12
1166	1
1167	1
1168	15
1169	44
1170	18
1171	27
1172	14
1173	8
1174	38
1175	23
1176	19
1177	32
1178	60
1179	5
1180	66
1181	50
1182	52
1183	63
1184	22
1185	33
1186	43
1187	49
1188	30
1189	38
1190	64
1191	2
1192	49
1193	67
1194	21
1195	22
1196	21
1197	62
1198	20
1199	66
1200	43
1201	52
1202	58
1203	29
1204	18
1205	10
1206	33
1207	17
1208	14
1209	45
1210	27
1211	31
1212	33
1213	64
1214	32
1215	27
1216	50
1217	34
1218	43
1219	48
1220	60
1221	53
1222	56
1223	32
1224	45
1225	18
1226	27
1227	39
1228	26
1229	65
1230	36
1231	44
1232	19
1233	26
1234	55
1235	4
1236	18
1237	8
1238	60
1239	48
1240	38
1241	25
1242	34
1243	22
1244	14
1245	14
1246	47
1247	9
1248	22
1249	37
1250	20
1251	48
1252	23
1253	47
1254	22
1255	27
1256	22
1257	4
1258	5
1259	38
1260	66
1261	24
1262	31
1263	28
1264	67
1265	32
1266	38
1267	4
1268	11
1269	38
1270	50
1271	15
1272	21
1273	2
1274	46
1275	63
1276	19
1277	33
1278	47
1279	4
1280	54
1281	39
1282	40
1283	4
1284	6
1285	55
1286	20
1287	55
1288	56
1289	9
1290	37
1291	57
1292	47
1293	25
1294	25
1295	19
1296	38
1297	4
1298	66
1299	62
1300	27
1301	64
1302	19
1303	33
1304	62
1305	39
1306	15
1307	62
1308	50
1309	38
1310	11
1311	13
1312	42
1313	3
1314	20
1315	37
1316	16
1317	64
1318	32
1319	27
1320	51
1321	63
1322	37
1323	23
1324	27
1325	58
1326	18
1327	32
1328	22
1329	4
1330	21
1331	17
1332	68
1333	52
1334	44
1335	19
1336	34
1337	60
1338	54
1339	26
1340	7
1341	57
1342	53
1343	33
1344	10
1345	47
1346	45
1347	60
1348	30
1349	24
1350	40
1351	3
1352	37
1353	42
1354	22
1355	44
1356	46
1357	23
1358	27
1359	7
1360	9
1361	18
1362	56
1363	28
1364	13
1365	68
1366	55
1367	59
1368	42
1369	63
1370	51
1371	57
1372	29
1373	5
1374	24
1375	54
1376	55
1377	62
1378	43
1379	51
1380	17
1381	17
1382	64
1383	5
1384	2
1385	58
1386	60
1387	11
1388	22
1389	5
1390	37
1391	6
1392	40
1393	38
1394	25
1395	13
1396	48
1397	63
1398	25
1399	8
1400	22
1401	37
1402	5
1403	60
1404	23
1405	45
1406	14
1407	19
1408	30
1409	50
1410	22
1411	47
1412	23
1413	17
1414	60
1415	12
1416	59
1417	38
1418	39
1419	38
1420	9
1421	63
1422	8
1423	28
1424	31
1425	55
1426	51
1427	64
1428	18
1429	54
1430	55
1431	2
1432	18
1433	34
1434	45
1435	60
1436	33
1437	66
1438	21
1439	63
1440	30
1441	56
1442	64
1443	3
1444	40
1445	9
1446	23
1447	6
1448	51
1449	23
1450	39
1451	47
1452	64
1453	22
1454	19
1455	7
1456	46
1457	24
1458	53
1459	19
1460	58
1461	2
1462	60
1463	30
1464	16
1465	13
1466	22
1467	1
1468	1
1469	11
1470	30
1471	40
1472	53
1473	61
1474	20
1475	15
1476	38
1477	63
1478	1
1479	3
1480	9
1481	27
1482	13
1483	39
1484	60
1485	43
1486	16
1487	67
1488	18
1489	46
1490	55
1491	4
1492	39
1493	17
1494	23
1495	17
1496	46
1497	15
1498	61
1499	51
1500	28
1501	7
1502	65
1503	55
1504	65
1505	44
1506	58
1507	66
1508	66
1509	19
1510	35
1511	13
1512	30
1513	36
1514	45
1515	47
1516	9
1517	62
1518	22
1519	20
1520	17
1521	23
1522	46
1523	21
1524	10
1525	20
1526	45
1527	49
1528	56
1529	8
1530	8
1531	61
1532	28
1533	8
1534	5
1535	46
1536	47
1537	65
1538	18
1539	10
1540	29
1541	57
1542	42
1543	45
1544	2
1545	23
1546	21
1547	65
1548	44
1549	17
1550	60
1551	16
1552	14
1553	23
1554	2
1555	5
1556	22
1557	32
1558	41
1559	34
1560	39
1561	34
1562	27
1563	27
1564	56
1565	27
1566	65
1567	22
1568	30
1569	27
1570	41
1571	46
1572	20
1573	65
1574	23
1575	18
1576	48
1577	8
1578	50
1579	49
1580	1
1581	68
1582	22
1583	26
1584	1
1585	1
1586	20
1587	26
1588	42
1589	55
1590	65
1591	46
1592	42
1593	17
1594	6
1595	1
1596	19
1597	68
1598	19
1599	59
1600	4
1601	41
1602	10
1603	36
1604	27
1605	57
1606	65
1607	65
1608	56
1609	58
1610	2
1611	52
1612	50
1613	62
1614	52
1615	58
1616	56
1617	59
1618	10
1619	61
1620	35
1621	31
1622	12
1623	17
1624	20
1625	68
1626	24
1627	36
1628	52
1629	14
1630	1
1631	47
1632	51
1633	44
1634	43
1635	27
1636	33
1637	18
1638	30
1639	11
1640	24
1641	27
1642	6
1643	1
1644	48
1645	4
1646	39
1647	47
1648	10
1649	20
1650	4
1651	8
1652	24
1653	18
1654	52
1655	59
1656	21
1657	46
1658	68
1659	37
1660	20
1661	18
1662	20
1663	7
1664	8
1665	5
1666	13
1667	49
1668	64
1669	25
1670	37
1671	51
1672	1
1673	53
1674	33
1675	29
1676	19
1677	10
1678	50
1679	20
1680	38
1681	33
1682	42
1683	42
1684	20
1685	60
1686	43
1687	4
1688	1
1689	23
1690	39
1691	26
1692	11
1693	41
1694	57
1695	27
1696	10
1697	10
1698	31
1699	18
1700	67
1701	26
1702	51
1703	21
1704	67
1705	37
1706	21
1707	2
1708	62
1709	18
1710	42
1711	38
1712	2
1713	7
1714	65
1715	51
1716	20
1717	34
1718	41
1719	9
1720	22
1721	4
1722	32
1723	47
1724	22
1725	4
1726	42
1727	10
1728	40
1729	31
1730	8
1731	23
1732	21
1733	8
1734	40
1735	47
1736	26
1737	48
1738	24
1739	48
1740	15
1741	22
1742	9
1743	8
1744	13
1745	16
1746	8
1747	32
1748	58
1749	5
1750	17
1751	29
1752	52
1753	28
1754	30
1755	1
1756	38
1757	62
1758	63
1759	59
1760	4
1761	9
1762	66
1763	17
1764	47
1765	15
1766	17
1767	23
1768	31
1769	26
1770	45
1771	33
1772	33
1773	56
1774	9
1775	1
1776	57
1777	33
1778	29
1779	52
1780	2
1781	67
1782	42
1783	2
1784	28
1785	1
1786	45
1787	9
1788	3
1789	29
1790	66
1791	51
1792	14
1793	55
1794	33
1795	18
1796	17
1797	27
1798	29
1799	45
1800	50
1801	50
1802	23
1803	31
1804	26
1805	20
1806	52
1807	4
1808	65
1809	43
1810	62
1811	26
1812	21
1813	4
1814	50
1815	37
1816	65
1817	14
1818	17
1819	65
1820	4
1821	50
1822	67
1823	65
1824	61
1825	41
1826	68
1827	53
1828	46
1829	59
1830	8
1831	44
1832	61
1833	63
1834	8
1835	32
1836	50
1837	5
1838	45
1839	9
1840	33
1841	27
1842	45
1843	13
1844	41
1845	5
1846	13
1847	20
1848	26
1849	58
1850	25
1851	39
1852	28
1853	16
1854	60
1855	10
1856	49
1857	51
1858	51
1859	4
1860	31
1861	60
1862	42
1863	50
1864	56
1865	63
1866	21
1867	11
1868	8
1869	18
1870	27
1871	43
1872	58
1873	27
1874	38
1875	19
1876	5
1877	53
1878	63
1879	20
1880	16
1881	39
1882	57
1883	56
1884	11
1885	38
1886	26
1887	24
1888	33
1889	31
1890	39
1891	39
1892	11
1893	49
1894	31
1895	5
1896	64
1897	50
1898	65
1899	64
1900	35
1901	59
1902	24
1903	2
1904	8
1905	31
1906	5
1907	25
1908	49
1909	14
1910	60
1911	58
1912	29
1913	13
1914	11
1915	23
1916	30
1917	40
1918	22
1919	17
1920	36
1921	5
1922	68
1923	9
1924	60
1925	3
1926	45
1927	62
1928	51
1929	27
1930	50
1931	62
1932	51
1933	59
1934	4
1935	61
1936	25
1937	13
1938	37
1939	41
1940	47
1941	31
1942	45
1943	68
1944	52
1945	68
1946	57
1947	41
1948	1
1949	28
1950	21
1951	31
1952	68
1953	49
1954	68
1955	46
1956	4
1957	5
1958	1
1959	45
1960	23
1961	13
1962	9
1963	10
1964	54
1965	23
1966	47
1967	27
1968	14
1969	60
1970	18
1971	5
1972	57
1973	27
1974	52
1975	49
1976	37
1977	65
1978	33
1979	12
1980	67
1981	48
1982	11
1983	29
1984	68
1985	61
1986	38
1987	9
1988	7
1989	5
1990	44
1991	13
1992	60
1993	17
1994	62
1995	21
1996	22
1997	5
1998	38
1999	8
2000	59
2001	29
2002	62
2003	41
2004	59
2005	13
2006	37
2007	33
2008	67
2009	64
2010	42
2011	14
2012	15
2013	30
2014	17
2015	56
2016	50
2017	38
2018	10
2019	34
2020	24
2021	2
2022	5
2023	13
2024	64
2025	46
2026	53
2027	51
2028	18
2029	15
2030	6
2031	45
2032	51
2033	62
2034	35
2035	49
2036	25
2037	32
2038	31
2039	64
2040	67
2041	4
2042	58
2043	17
2044	3
2045	10
2046	23
2047	6
2048	39
2049	43
2050	20
2051	13
2052	43
2053	5
2054	32
2055	56
2056	7
2057	38
2058	10
2059	24
2060	51
2061	23
2062	65
2063	16
2064	41
2065	63
2066	44
2067	33
2068	14
2069	29
2070	26
2071	40
2072	59
2073	2
2074	66
2075	35
2076	56
2077	1
2078	41
2079	28
2080	42
2081	35
2082	60
2083	20
2084	24
2085	26
2086	42
2087	51
2088	40
2089	51
2090	35
2091	39
2092	41
2093	14
2094	29
2095	20
2096	3
2097	29
2098	16
2099	22
2100	50
2101	32
2102	38
2103	4
2104	49
2105	25
2106	57
2107	27
2108	36
2109	65
2110	67
2111	11
2112	16
2113	38
2114	3
2115	45
2116	4
2117	20
2118	32
2119	61
2120	58
2121	9
2122	35
2123	15
2124	30
2125	30
2126	12
2127	50
2128	50
2129	55
2130	33
2131	21
2132	48
2133	30
2134	47
2135	65
2136	5
2137	58
2138	27
2139	51
2140	10
2141	20
2142	44
2143	37
2144	3
2145	57
2146	18
2147	58
2148	59
2149	61
2150	22
2151	57
2152	15
2153	50
2154	17
2155	20
2156	20
2157	48
2158	14
2159	45
2160	40
2161	32
2162	58
2163	18
2164	9
2165	5
2166	52
2167	44
2168	67
2169	2
2170	42
2171	62
2172	28
2173	23
2174	47
2175	50
2176	27
2177	23
2178	17
2179	21
2180	23
2181	55
2182	49
2183	44
2184	28
2185	55
2186	29
2187	59
2188	38
2189	54
2190	62
2191	48
2192	53
2193	9
2194	64
2195	20
2196	6
2197	8
2198	27
2199	58
2200	19
2201	35
2202	1
2203	10
2204	28
2205	32
2206	21
2207	2
2208	23
2209	37
2210	25
2211	47
2212	26
2213	35
2214	27
2215	22
2216	40
2217	36
2218	55
2219	26
2220	40
2221	47
2222	44
2223	64
2224	22
2225	39
2226	17
2227	28
2228	23
2229	34
2230	18
2231	7
2232	62
2233	65
2234	15
2235	48
2236	29
2237	50
2238	27
2239	48
2240	61
2241	30
2242	6
2243	30
2244	20
2245	2
2246	58
2247	6
2248	21
2249	33
2250	1
2251	8
2252	51
2253	15
2254	61
2255	10
2256	37
2257	44
2258	20
2259	44
2260	60
2261	3
2262	40
2263	54
2264	1
2265	30
2266	53
2267	65
2268	64
2269	14
2270	63
2271	64
2272	10
2273	31
2274	16
2275	51
2276	2
2277	17
2278	35
2279	65
2280	9
2281	26
2282	6
2283	14
2284	52
2285	42
2286	33
2287	12
2288	26
2289	18
2290	48
2291	50
2292	17
2293	55
2294	68
2295	61
2296	4
2297	31
2298	54
2299	39
2300	57
2301	48
2302	32
2303	67
2304	52
2305	57
2306	51
2307	11
2308	29
2309	68
2310	20
2311	56
2312	40
2313	49
2314	33
2315	7
2316	7
2317	3
2318	23
2319	20
2320	37
2321	36
2322	61
2323	55
2324	46
2325	55
2326	17
2327	35
2328	25
2329	27
2330	5
2331	20
2332	48
2333	2
2334	28
2335	59
2336	25
2337	48
2338	65
2339	52
2340	61
2341	43
2342	51
2343	54
2344	14
2345	32
2346	16
2347	19
2348	66
2349	42
2350	40
2351	5
2352	45
2353	46
2354	63
2355	5
2356	54
2357	19
2358	19
2359	50
2360	1
2361	9
2362	3
2363	33
2364	66
2365	17
2366	61
2367	25
2368	14
2369	58
2370	11
2371	57
2372	61
2373	40
2374	31
2375	31
2376	50
2377	18
2378	40
2379	6
2380	59
2381	19
2382	35
2383	15
2384	34
2385	58
2386	59
2387	24
2388	48
2389	44
2390	64
2391	47
2392	45
2393	49
2394	54
2395	16
2396	14
2397	41
2398	45
2399	13
2400	20
2401	28
2402	10
2403	55
2404	47
2405	30
2406	6
2407	8
2408	67
2409	2
2410	62
2411	41
2412	50
2413	11
2414	61
2415	20
2416	39
2417	34
2418	1
2419	8
2420	24
2421	53
2422	11
2423	59
2424	14
2425	44
2426	16
2427	45
2428	62
2429	21
2430	17
2431	18
2432	12
2433	8
2434	58
2435	66
2436	62
2437	6
2438	59
2439	30
2440	8
2441	59
2442	39
2443	31
2444	51
2445	63
2446	3
2447	55
2448	32
2449	42
2450	67
2451	1
2452	1
2453	37
2454	39
2455	9
2456	10
2457	19
2458	8
2459	43
2460	29
2461	21
2462	2
2463	10
2464	24
2465	36
2466	37
2467	25
2468	42
2469	18
2470	44
2471	21
2472	67
2473	21
2474	47
2475	20
2476	20
2477	32
2478	22
2479	14
2480	33
2481	36
2482	12
2483	46
2484	25
2485	60
2486	63
2487	16
2488	13
2489	52
2490	62
2491	58
2492	4
2493	39
2494	33
2495	22
2496	49
2497	24
2498	1
2499	39
2500	28
2501	41
2502	66
2503	68
2504	30
2505	47
2506	37
2507	60
2508	18
2509	3
2510	22
2511	10
2512	47
2513	14
2514	33
2515	65
2516	5
2517	34
2518	59
2519	56
2520	26
2521	45
2522	6
2523	24
2524	47
2525	38
2526	38
2527	29
2528	15
2529	33
2530	58
2531	8
2532	57
2533	22
2534	6
2535	56
2536	10
2537	61
2538	8
2539	2
2540	45
2541	11
2542	36
2543	59
2544	24
2545	4
2546	68
2547	20
2548	5
2549	5
2550	4
2551	24
2552	67
2553	52
2554	22
2555	62
2556	56
2557	64
2558	15
2559	43
2560	56
2561	16
2562	18
2563	65
2564	27
2565	11
2566	48
2567	23
2568	1
2569	68
2570	60
2571	68
2572	64
2573	27
2574	30
2575	6
2576	58
2577	49
2578	22
2579	59
2580	22
2581	44
2582	29
2583	34
2584	41
2585	31
2586	18
2587	67
2588	31
2589	41
2590	38
2591	63
2592	62
2593	21
2594	36
2595	60
2596	52
2597	5
2598	22
2599	19
2600	35
2601	67
2602	60
2603	20
2604	32
2605	39
2606	7
2607	47
2608	17
2609	8
2610	28
2611	11
2612	39
2613	44
2614	44
2615	17
2616	59
2617	41
2618	53
2619	19
2620	50
2621	6
2622	57
2623	61
2624	36
2625	51
2626	57
2627	55
2628	2
2629	52
2630	44
2631	19
2632	68
2633	65
2634	49
2635	35
2636	16
2637	29
2638	21
2639	24
2640	13
2641	13
2642	51
2643	14
2644	62
2645	10
2646	13
2647	4
2648	10
2649	1
2650	38
2651	55
2652	55
2653	62
2654	63
2655	7
2656	20
2657	32
2658	38
2659	38
2660	62
2661	42
2662	15
2663	38
2664	67
2665	27
2666	65
2667	14
2668	15
2669	45
2670	38
2671	10
2672	58
2673	48
2674	45
2675	23
2676	3
2677	50
2678	51
2679	12
2680	14
2681	2
2682	38
2683	49
2684	29
2685	20
2686	43
2687	45
2688	32
2689	1
2690	62
2691	24
2692	7
2693	42
2694	45
2695	42
2696	44
2697	8
2698	64
2699	32
2700	53
2701	61
2702	44
2703	32
2704	55
2705	63
2706	10
2707	9
2708	2
2709	39
2710	66
2711	49
2712	31
2713	36
2714	46
2715	59
2716	10
2717	50
2718	60
2719	15
2720	55
2721	50
2722	55
2723	34
2724	55
2725	15
2726	7
2727	65
2728	30
2729	32
2730	58
2731	22
2732	16
2733	31
2734	44
2735	56
2736	61
2737	67
2738	56
2739	20
2740	6
2741	34
2742	8
2743	47
2744	44
2745	31
2746	10
2747	56
2748	52
2749	45
2750	30
2751	7
2752	35
2753	65
2754	65
2755	17
2756	22
2757	32
2758	20
2759	66
2760	1
2761	46
2762	18
2763	4
2764	4
2765	41
2766	56
2767	44
2768	28
2769	2
2770	60
2771	59
2772	26
2773	32
2774	17
2775	23
2776	58
2777	54
2778	3
2779	47
2780	23
2781	53
2782	68
2783	49
2784	46
2785	38
2786	37
2787	47
2788	30
2789	51
2790	25
2791	50
2792	60
2793	41
2794	58
2795	24
2796	52
2797	26
2798	4
2799	51
2800	9
2801	51
2802	18
2803	13
2804	36
2805	50
2806	1
2807	27
2808	29
2809	49
2810	49
2811	9
2812	60
2813	14
2814	5
2815	2
2816	34
2817	41
2818	45
2819	67
2820	42
2821	47
2822	10
2823	20
2824	41
2825	36
2826	5
2827	23
2828	41
2829	10
2830	55
2831	28
2832	21
2833	39
2834	67
2835	59
2836	42
2837	38
2838	45
2839	5
2840	9
2841	35
2842	61
2843	48
2844	32
2845	50
2846	27
2847	18
2848	4
2849	11
2850	52
2851	57
2852	16
2853	65
2854	68
2855	21
2856	42
2857	16
2858	54
2859	21
2860	61
2861	33
2862	4
2863	50
2864	8
2865	5
2866	15
2867	4
2868	8
2869	28
2870	5
2871	61
2872	47
2873	43
2874	62
2875	65
2876	47
2877	43
2878	61
2879	52
2880	31
2881	16
2882	5
2883	50
2884	34
2885	47
2886	55
2887	58
2888	33
2889	64
2890	9
2891	5
2892	1
2893	3
2894	22
2895	1
2896	52
2897	42
2898	63
2899	31
2900	29
2901	25
2902	56
2903	39
2904	60
2905	6
2906	17
2907	57
2908	33
2909	22
2910	54
2911	19
2912	12
2913	66
2914	24
2915	19
2916	7
2917	51
2918	58
2919	47
2920	39
2921	59
2922	10
2923	56
2924	45
2925	46
2926	48
2927	42
2928	60
2929	18
2930	16
2931	34
2932	66
2933	22
2934	1
2935	51
2936	23
2937	16
2938	25
2939	54
2940	40
2941	46
2942	60
2943	61
2944	45
2945	61
2946	25
2947	39
2948	29
2949	7
2950	18
2951	29
2952	33
2953	14
2954	8
2955	3
2956	37
2957	51
2958	6
2959	38
2960	18
2961	39
2962	8
2963	17
2964	28
2965	41
2966	14
2967	53
2968	8
2969	45
2970	20
2971	25
2972	10
2973	33
2974	10
2975	29
2976	67
2977	43
2978	10
2979	13
2980	45
2981	7
2982	30
2983	45
2984	20
2985	25
2986	7
2987	55
2988	48
2989	20
2990	32
2991	62
2992	43
2993	27
2994	65
2995	57
2996	50
2997	18
2998	7
2999	15
3000	49
3001	3
3002	14
3003	42
3004	41
3005	15
3006	26
3007	60
3008	41
3009	9
3010	59
3011	59
3012	13
3013	61
3014	17
3015	53
3016	49
3017	41
3018	20
3019	6
3020	61
3021	64
3022	34
3023	68
3024	30
3025	16
3026	8
3027	5
3028	35
3029	67
3030	65
3031	24
3032	8
3033	47
3034	68
3035	10
3036	17
3037	4
3038	47
3039	63
3040	26
3041	3
3042	23
3043	59
3044	42
3045	56
3046	45
3047	18
3048	26
3049	12
3050	31
3051	27
3052	29
3053	66
3054	66
3055	5
3056	12
3057	20
3058	20
3059	44
3060	9
3061	1
3062	45
3063	30
3064	32
3065	32
3066	55
3067	16
3068	8
3069	57
3070	31
3071	47
3072	17
3073	47
3074	68
3075	2
3076	23
3077	38
3078	18
3079	63
3080	3
3081	23
3082	34
3083	17
3084	63
3085	66
3086	29
3087	17
3088	64
3089	10
3090	40
3091	45
3092	32
3093	31
3094	62
3095	25
3096	13
3097	56
3098	51
3099	57
3100	52
3101	29
3102	37
3103	35
3104	39
3105	68
3106	22
3107	62
3108	16
3109	19
3110	62
3111	58
3112	49
3113	20
3114	21
3115	31
3116	4
3117	18
3118	26
3119	39
3120	14
3121	24
3122	31
3123	2
3124	51
3125	44
3126	56
3127	57
3128	24
3129	1
3130	14
3131	59
3132	9
3133	33
3134	57
3135	17
3136	42
3137	2
3138	59
3139	12
3140	57
3141	46
3142	6
3143	22
3144	38
3145	16
3146	38
3147	16
3148	38
3149	57
3150	61
3151	9
3152	31
3153	8
3154	23
3155	53
3156	66
3157	39
3158	5
3159	46
3160	28
3161	23
3162	39
3163	35
3164	47
3165	66
3166	30
3167	10
3168	50
3169	46
3170	53
3171	26
3172	48
3173	67
3174	15
3175	17
3176	66
3177	64
3178	16
3179	5
3180	15
3181	68
3182	60
3183	43
3184	26
3185	48
3186	13
3187	54
3188	12
3189	21
3190	60
3191	47
3192	62
3193	58
3194	10
3195	14
3196	62
3197	65
3198	47
3199	37
3200	11
3201	33
3202	65
3203	38
3204	55
3205	28
3206	36
3207	58
3208	33
3209	41
3210	5
3211	4
3212	15
3213	26
3214	39
3215	9
3216	16
3217	39
3218	16
3219	50
3220	35
3221	49
3222	23
3223	8
3224	18
3225	41
3226	13
3227	55
3228	54
3229	31
3230	45
3231	38
3232	33
3233	14
3234	20
3235	66
3236	64
3237	38
3238	62
3239	53
3240	39
3241	32
3242	68
3243	17
3244	39
3245	9
3246	48
3247	50
3248	66
3249	57
3250	27
3251	5
3252	48
3253	55
3254	47
3255	37
3256	47
3257	1
3258	55
3259	9
3260	56
3261	68
3262	42
3263	15
3264	18
3265	67
3266	46
3267	19
3268	10
3269	38
3270	42
3271	23
3272	20
3273	62
3274	28
3275	51
3276	11
3277	1
3278	27
3279	33
3280	68
3281	4
3282	38
3283	7
3284	55
3285	24
3286	42
3287	18
3288	9
3289	47
3290	34
3291	41
3292	18
3293	13
3294	17
3295	23
3296	45
3297	51
3298	12
3299	38
3300	7
3301	23
3302	17
3303	63
3304	45
3305	18
3306	50
3307	29
3308	16
3309	7
3310	65
3311	42
3312	9
3313	43
3314	37
3315	11
3316	59
3317	25
3318	36
3319	62
3320	33
3321	45
3322	24
3323	37
3324	8
3325	52
3326	10
3327	12
3328	18
3329	8
3330	2
3331	44
3332	4
3333	65
3334	43
3335	56
3336	38
3337	42
3338	13
3339	50
3340	10
3341	28
3342	29
3343	61
3344	10
3345	9
3346	22
3347	58
3348	20
3349	13
3350	48
3351	5
3352	6
3353	32
3354	6
3355	32
3356	66
3357	20
3358	17
3359	30
3360	13
3361	55
3362	49
3363	9
3364	22
3365	33
3366	42
3367	56
3368	41
3369	52
3370	11
3371	5
3372	7
3373	2
3374	45
3375	64
3376	63
3377	51
3378	23
3379	50
3380	39
3381	3
3382	62
3383	17
3384	48
3385	13
3386	25
3387	23
3388	24
3389	60
3390	8
3391	32
3392	11
3393	49
3394	49
3395	50
3396	30
3397	33
3398	26
3399	32
3400	5
3401	31
3402	50
3403	14
3404	2
3405	36
3406	8
3407	36
3408	3
3409	8
3410	7
3411	56
3412	27
3413	2
3414	35
3415	1
3416	39
3417	44
3418	59
3419	59
3420	49
3421	4
3422	12
3423	58
3424	57
3425	26
3426	34
3427	51
3428	23
3429	38
3430	45
3431	38
3432	32
3433	65
3434	19
3435	14
3436	35
3437	20
3438	3
3439	42
3440	51
3441	32
3442	13
3443	43
3444	10
3445	31
3446	17
3447	67
3448	26
3449	55
3450	16
3451	30
3452	27
3453	44
3454	68
3455	20
3456	28
3457	56
3458	31
3459	47
3460	44
3461	44
3462	1
3463	15
3464	60
3465	53
3466	26
3467	5
3468	40
3469	39
3470	46
3471	55
3472	58
3473	20
3474	11
3475	30
3476	62
3477	24
3478	25
3479	40
3480	12
3481	53
3482	2
3483	8
3484	65
3485	47
3486	11
3487	57
3488	60
3489	1
3490	14
3491	68
3492	14
3493	27
3494	15
3495	42
3496	26
3497	45
3498	24
3499	59
3500	51
3501	6
3502	62
3503	12
3504	46
3505	19
3506	66
3507	48
3508	22
3509	57
3510	2
3511	8
3512	13
3513	55
3514	27
3515	10
3516	23
3517	55
3518	51
3519	21
3520	45
3521	27
3522	14
3523	22
3524	26
3525	47
3526	48
3527	31
3528	23
3529	14
3530	29
3531	15
3532	20
3533	67
3534	5
3535	25
3536	19
3537	46
3538	3
3539	65
3540	55
3541	58
3542	39
3543	16
3544	66
3545	12
3546	1
3547	3
3548	3
3549	60
3550	56
3551	26
3552	65
3553	57
3554	32
3555	48
3556	26
3557	34
3558	59
3559	33
3560	14
3561	2
3562	35
3563	16
3564	7
3565	42
3566	46
3567	50
3568	3
3569	16
3570	66
3571	54
3572	46
3573	59
3574	32
3575	27
3576	10
3577	56
3578	2
3579	40
3580	31
3581	33
3582	31
3583	32
3584	43
3585	46
3586	46
3587	1
3588	37
3589	9
3590	2
3591	43
3592	37
3593	8
3594	57
3595	28
3596	66
3597	60
3598	26
3599	4
3600	27
3601	33
3602	16
3603	4
3604	43
3605	15
3606	5
3607	48
3608	34
3609	39
3610	59
3611	64
3612	15
3613	39
3614	24
3615	45
3616	49
3617	22
3618	50
3619	45
3620	33
3621	49
3622	27
3623	21
3624	38
3625	49
3626	65
3627	59
3628	14
3629	45
3630	17
3631	8
3632	67
3633	27
3634	53
3635	36
3636	55
3637	62
3638	31
3639	62
3640	17
3641	10
3642	57
3643	31
3644	66
3645	19
3646	12
3647	52
3648	11
3649	65
3650	15
3651	33
3652	58
3653	2
3654	42
3655	23
3656	14
3657	15
3658	42
3659	63
3660	43
3661	55
3662	5
3663	47
3664	5
3665	21
3666	53
3667	62
3668	6
3669	14
3670	7
3671	47
3672	16
3673	8
3674	14
3675	59
3676	59
3677	38
3678	13
3679	56
3680	21
3681	63
3682	37
3683	37
3684	18
3685	68
3686	30
3687	65
3688	23
3689	27
3690	47
3691	44
3692	35
3693	40
3694	49
3695	49
3696	38
3697	48
3698	42
3699	18
3700	65
3701	44
3702	50
3703	11
3704	62
3705	63
3706	57
3707	6
3708	46
3709	36
3710	14
3711	41
3712	9
3713	22
3714	49
3715	51
3716	44
3717	51
3718	9
3719	39
3720	43
3721	40
3722	26
3723	38
3724	14
3725	44
3726	24
3727	10
3728	52
3729	66
3730	35
3731	5
3732	58
3733	12
3734	58
3735	32
3736	60
3737	33
3738	22
3739	25
3740	68
3741	3
3742	45
3743	63
3744	1
3745	16
3746	2
3747	53
3748	11
3749	23
3750	33
3751	32
3752	65
3753	6
3754	51
3755	65
3756	1
3757	59
3758	14
3759	66
3760	46
3761	43
3762	52
3763	63
3764	17
3765	18
3766	35
3767	34
3768	48
3769	3
3770	9
3771	45
3772	26
3773	64
3774	23
3775	6
3776	68
3777	32
3778	21
3779	32
3780	58
3781	57
3782	31
3783	14
3784	57
3785	63
3786	23
3787	50
3788	44
3789	55
3790	68
3791	45
3792	58
3793	59
3794	15
3795	49
3796	28
3797	50
3798	58
3799	13
3800	28
3801	9
3802	36
3803	56
3804	55
3805	13
3806	24
3807	29
3808	3
3809	48
3810	5
3811	28
3812	55
3813	37
3814	58
3815	53
3816	16
3817	32
3818	42
3819	17
3820	20
3821	11
3822	60
3823	39
3824	9
3825	65
3826	37
3827	19
3828	44
3829	23
3830	55
3831	26
3832	50
3833	9
3834	50
3835	59
3836	30
3837	34
3838	23
3839	15
3840	61
3841	13
3842	67
3843	48
3844	28
3845	9
3846	50
3847	4
3848	51
3849	58
3850	62
3851	17
3852	12
3853	29
3854	16
3855	25
3856	37
3857	35
3858	48
3859	11
3860	38
3861	52
3862	50
3863	54
3864	14
3865	34
3866	16
3867	52
3868	3
3869	35
3870	41
3871	39
3872	55
3873	46
3874	32
3875	58
3876	33
3877	17
3878	24
3879	28
3880	11
3881	45
3882	64
3883	25
3884	60
3885	38
3886	35
3887	33
3888	20
3889	24
3890	4
3891	55
3892	26
3893	11
3894	62
3895	33
3896	25
3897	32
3898	27
3899	52
3900	38
3901	65
3902	24
3903	60
3904	47
3905	35
3906	67
3907	64
3908	14
3909	63
3910	1
3911	40
3912	6
3913	64
3914	43
3915	19
3916	6
3917	29
3918	40
3919	11
3920	22
3921	41
3922	67
3923	32
3924	17
3925	8
3926	55
3927	57
3928	47
3929	43
3930	22
3931	17
3932	16
3933	55
3934	68
3935	47
3936	44
3937	47
3938	54
3939	54
3940	49
3941	47
3942	24
3943	15
3944	61
3945	44
3946	64
3947	36
3948	54
3949	27
3950	61
3951	23
3952	8
3953	11
3954	59
3955	1
3956	37
3957	49
3958	25
3959	33
3960	51
3961	19
3962	56
3963	65
3964	68
3965	50
3966	57
3967	33
3968	32
3969	33
3970	41
3971	17
3972	47
3973	61
3974	26
3975	5
3976	54
3977	7
3978	49
3979	36
3980	55
3981	13
3982	17
3983	8
3984	38
3985	56
3986	35
3987	45
3988	27
3989	42
3990	9
3991	32
3992	62
3993	37
3994	41
3995	62
3996	7
3997	5
3998	48
3999	59
4000	1
4001	36
4002	46
4003	22
4004	37
4005	64
4006	46
4007	59
4008	53
4009	64
4010	33
4011	48
4012	52
4013	54
4014	17
4015	1
4016	37
4017	54
4018	27
4019	65
4020	1
4021	10
4022	56
4023	10
4024	67
4025	47
4026	48
4027	16
4028	67
4029	1
4030	59
4031	20
4032	51
4033	38
4034	10
4035	34
4036	15
4037	33
4038	39
4039	24
4040	19
4041	68
4042	50
4043	14
4044	36
4045	31
4046	33
4047	44
4048	14
4049	47
4050	1
4051	63
4052	38
4053	50
4054	14
4055	29
4056	67
4057	45
4058	11
4059	27
4060	35
4061	20
4062	17
4063	33
4064	25
4065	26
4066	47
4067	35
4068	66
4069	20
4070	10
4071	65
4072	39
4073	33
4074	33
4075	35
4076	58
4077	28
4078	53
4079	2
4080	54
4081	25
4082	4
4083	20
4084	4
4085	51
4086	23
4087	24
4088	10
4089	61
4090	1
4091	1
4092	64
4093	34
4094	21
4095	11
4096	8
4097	48
4098	22
4099	57
4100	51
4101	17
4102	25
4103	67
4104	28
4105	12
4106	22
4107	15
4108	39
4109	30
4110	36
4111	26
4112	44
4113	38
4114	25
4115	4
4116	15
4117	48
4118	8
4119	25
4120	51
4121	54
4122	18
4123	31
4124	39
4125	65
4126	19
4127	62
4128	61
4129	11
4130	68
4131	18
4132	21
4133	39
4134	31
4135	7
4136	33
4137	61
4138	64
4139	45
4140	54
4141	6
4142	52
4143	11
4144	55
4145	68
4146	40
4147	4
4148	20
4149	59
4150	50
4151	62
4152	38
4153	6
4154	36
4155	26
4156	44
4157	15
4158	19
4159	28
4160	1
4161	17
4162	52
4163	12
4164	26
4165	35
4166	26
4167	68
4168	49
4169	16
4170	29
4171	12
4172	48
4173	1
4174	15
4175	47
4176	3
4177	17
4178	38
4179	64
4180	12
4181	50
4182	20
4183	20
4184	59
4185	47
4186	1
4187	35
4188	19
4189	2
4190	4
4191	56
4192	57
4193	37
4194	40
4195	24
4196	45
4197	10
4198	13
4199	68
4200	1
4201	51
4202	30
4203	7
4204	43
4205	34
4206	2
4207	19
4208	9
4209	60
4210	56
4211	42
4212	50
4213	15
4214	29
4215	17
4216	20
4217	37
4218	41
4219	62
4220	45
4221	14
4222	51
4223	47
4224	23
4225	5
4226	62
4227	38
4228	13
4229	62
4230	10
4231	56
4232	48
4233	44
4234	62
4235	51
4236	33
4237	29
4238	22
4239	58
4240	7
4241	19
4242	55
4243	1
4244	67
4245	14
4246	35
4247	19
4248	62
4249	29
4250	43
4251	60
4252	68
4253	3
4254	50
4255	27
4256	4
4257	57
4258	57
4259	59
4260	3
4261	39
4262	60
4263	64
4264	33
4265	45
4266	66
4267	37
4268	57
4269	62
4270	12
4271	33
4272	38
4273	19
4274	18
4275	25
4276	44
4277	14
4278	63
4279	17
4280	55
4281	44
4282	59
4283	14
4284	60
4285	66
4286	16
4287	27
4288	3
4289	52
4290	30
4291	17
4292	25
4293	58
4294	28
4295	8
4296	2
4297	59
4298	17
4299	52
4300	49
4301	1
4302	15
4303	35
4304	53
4305	19
4306	20
4307	19
4308	66
4309	6
4310	23
4311	59
4312	9
4313	14
4314	31
4315	42
4316	54
4317	6
4318	4
4319	60
4320	41
4321	28
4322	43
4323	6
4324	2
4325	31
4326	9
4327	50
4328	56
4329	23
4330	66
4331	28
4332	3
4333	53
4334	24
4335	21
4336	2
4337	64
4338	56
4339	14
4340	44
4341	60
4342	39
4343	15
4344	51
4345	21
4346	53
4347	57
4348	31
4349	13
4350	30
4351	58
4352	19
4353	67
4354	12
4355	61
4356	3
4357	11
4358	43
4359	47
4360	68
4361	22
4362	35
4363	58
4364	65
4365	36
4366	59
4367	8
4368	21
4369	9
4370	17
4371	17
4372	47
4373	55
4374	58
4375	45
4376	37
4377	52
4378	24
4379	16
4380	58
4381	26
4382	65
4383	20
4384	65
4385	34
4386	18
4387	67
4388	58
4389	50
4390	23
4391	32
4392	11
4393	60
4394	55
4395	62
4396	65
4397	1
4398	41
4399	59
4400	18
4401	7
4402	43
4403	8
4404	66
4405	1
4406	12
4407	46
4408	67
4409	55
4410	49
4411	56
4412	16
4413	7
4414	27
4415	33
4416	41
4417	10
4418	17
4419	48
4420	42
4421	55
4422	58
4423	30
4424	30
4425	28
4426	22
4427	46
4428	45
4429	19
4430	58
4431	8
4432	5
4433	16
4434	43
4435	45
4436	54
4437	50
4438	17
4439	8
4440	20
4441	32
4442	40
4443	67
4444	39
4445	65
4446	36
4447	67
4448	25
4449	54
4450	50
4451	14
4452	2
4453	54
4454	24
4455	56
4456	16
4457	62
4458	24
4459	47
4460	14
4461	58
4462	16
4463	49
4464	64
4465	65
4466	42
4467	65
4468	20
4469	49
4470	8
4471	54
4472	65
4473	8
4474	64
4475	65
4476	10
4477	50
4478	49
4479	49
4480	28
4481	59
4482	7
4483	33
4484	34
4485	23
4486	22
4487	14
4488	10
4489	50
4490	29
4491	66
4492	44
4493	26
4494	22
4495	52
4496	10
4497	33
4498	39
4499	6
4500	5
4501	44
4502	41
4503	45
4504	20
4505	10
4506	42
4507	27
4508	53
4509	27
4510	30
4511	3
4512	44
4513	3
4514	22
4515	60
4516	57
4517	68
4518	23
4519	31
4520	23
4521	59
4522	57
4523	18
4524	62
4525	37
4526	64
4527	8
4528	38
4529	18
4530	21
4531	46
4532	50
4533	20
4534	6
4535	32
4536	18
4537	45
4538	37
4539	54
4540	63
4541	65
4542	59
4543	3
4544	11
4545	23
4546	31
4547	39
4548	2
4549	31
4550	62
4551	24
4552	55
4553	37
4554	18
4555	18
4556	23
4557	53
4558	30
4559	54
4560	21
4561	67
4562	55
4563	25
4564	30
4565	52
4566	26
4567	55
4568	52
4569	66
4570	28
4571	7
4572	2
4573	14
4574	53
4575	52
4576	28
4577	31
4578	50
4579	42
4580	17
4581	45
4582	33
4583	62
4584	48
4585	50
4586	32
4587	50
4588	52
4589	6
4590	8
4591	5
4592	21
4593	45
4594	48
4595	28
4596	28
4597	66
4598	10
4599	67
4600	31
4601	56
4602	58
4603	15
4604	34
4605	22
4606	58
4607	31
4608	49
4609	52
4610	17
4611	59
4612	17
4613	10
4614	9
4615	31
4616	41
4617	28
4618	47
4619	65
4620	30
4621	21
4622	29
4623	8
4624	34
4625	56
4626	48
4627	50
4628	1
4629	21
4630	14
4631	53
4632	16
4633	61
4634	30
4635	28
4636	50
4637	27
4638	61
4639	7
4640	11
4641	64
4642	21
4643	2
4644	47
4645	20
4646	17
4647	29
4648	37
4649	2
4650	45
4651	50
4652	7
4653	21
4654	28
4655	47
4656	15
4657	57
4658	16
4659	56
4660	64
4661	53
4662	39
4663	50
4664	32
4665	66
4666	12
4667	50
4668	28
4669	16
4670	28
4671	62
4672	18
4673	22
4674	33
4675	32
4676	7
4677	50
4678	37
4679	23
4680	42
4681	30
4682	44
4683	19
4684	57
4685	13
4686	33
4687	51
4688	11
4689	66
4690	60
4691	54
4692	29
4693	66
4694	3
4695	24
4696	5
4697	46
4698	42
4699	26
4700	8
4701	64
4702	33
4703	13
4704	28
4705	25
4706	53
4707	16
4708	9
4709	50
4710	38
4711	21
4712	44
4713	58
4714	26
4715	36
4716	20
4717	59
4718	12
4719	22
4720	4
4721	38
4722	57
4723	50
4724	50
4725	36
4726	10
4727	31
4728	38
4729	52
4730	20
4731	44
4732	54
4733	19
4734	7
4735	32
4736	62
4737	37
4738	39
4739	50
4740	49
4741	33
4742	40
4743	60
4744	48
4745	53
4746	59
4747	26
4748	5
4749	8
4750	68
4751	6
4752	55
4753	12
4754	33
4755	60
4756	13
4757	23
4758	10
4759	5
4760	28
4761	18
4762	30
4763	24
4764	66
4765	31
4766	32
4767	36
4768	26
4769	1
4770	39
4771	14
4772	50
4773	4
4774	29
4775	58
4776	26
4777	61
4778	59
4779	51
4780	44
4781	47
4782	31
4783	62
4784	17
4785	12
4786	47
4787	45
4788	19
4789	62
4790	34
4791	1
4792	39
4793	60
4794	5
4795	27
4796	17
4797	9
4798	14
4799	44
4800	27
4801	22
4802	36
4803	39
4804	65
4805	15
4806	16
4807	56
4808	46
4809	1
4810	15
4811	62
4812	18
4813	6
4814	59
4815	3
4816	41
4817	25
4818	55
4819	62
4820	22
4821	65
4822	34
4823	59
4824	16
4825	18
4826	3
4827	5
4828	18
4829	27
4830	26
4831	17
4832	47
4833	49
4834	50
4835	49
4836	57
4837	9
4838	54
4839	12
4840	56
4841	51
4842	38
4843	27
4844	13
4845	29
4846	22
4847	60
4848	45
4849	51
4850	33
4851	26
4852	25
4853	23
4854	39
4855	36
4856	35
4857	9
4858	18
4859	53
4860	12
4861	35
4862	52
4863	68
4864	10
4865	39
4866	45
4867	35
4868	9
4869	62
4870	45
4871	22
4872	16
4873	2
4874	53
4875	27
4876	6
4877	52
4878	23
4879	2
4880	31
4881	5
4882	42
4883	66
4884	16
4885	47
4886	42
4887	27
4888	65
4889	13
4890	34
4891	35
4892	51
4893	68
4894	7
4895	56
4896	12
4897	11
4898	3
4899	11
4900	30
4901	1
4902	18
4903	37
4904	24
4905	35
4906	50
4907	2
4908	64
4909	50
4910	3
4911	2
4912	37
4913	44
4914	50
4915	35
4916	23
4917	1
4918	13
4919	56
4920	63
4921	28
4922	27
4923	61
4924	8
4925	47
4926	56
4927	61
4928	21
4929	1
4930	23
4931	13
4932	14
4933	40
4934	51
4935	61
4936	12
4937	45
4938	5
4939	25
4940	40
4941	12
4942	68
4943	39
4944	17
4945	38
4946	10
4947	55
4948	59
4949	44
4950	32
4951	16
4952	23
4953	24
4954	42
4955	41
4956	5
4957	5
4958	5
4959	37
4960	37
4961	54
4962	62
4963	29
4964	45
4965	45
4966	33
4967	54
4968	14
4969	18
4970	22
4971	67
4972	31
4973	64
4974	62
4975	56
4976	7
4977	63
4978	34
4979	50
4980	61
4981	23
4982	16
4983	17
4984	9
4985	40
4986	58
4987	44
4988	55
4989	26
4990	61
4991	36
4992	65
4993	14
4994	27
4995	31
4996	50
4997	12
4998	47
4999	67
5000	5
5001	14
5002	3
5003	38
5004	18
5005	51
5006	26
5007	66
5008	16
5009	22
5010	4
5011	20
5012	55
5013	65
5014	3
5015	55
5016	56
5017	48
5018	23
5019	13
5020	47
5021	62
5022	41
5023	18
5024	34
5025	32
5026	47
5027	19
5028	36
5029	61
5030	20
5031	13
5032	35
5033	32
5034	49
5035	11
5036	58
5037	28
5038	8
5039	21
5040	3
5041	8
5042	6
5043	23
5044	35
5045	32
5046	39
5047	39
5048	17
5049	63
5050	27
5051	47
5052	61
5053	57
5054	66
5055	51
5056	28
5057	4
5058	37
5059	36
5060	33
5061	39
5062	66
5063	3
5064	62
5065	42
5066	54
5067	66
5068	53
5069	65
5070	37
5071	10
5072	38
5073	10
5074	27
5075	67
5076	33
5077	41
5078	53
5079	33
5080	12
5081	42
5082	15
5083	50
5084	56
5085	57
5086	55
5087	58
5088	20
5089	48
5090	50
5091	2
5092	13
5093	21
5094	19
5095	59
5096	56
5097	19
5098	24
5099	68
5100	10
5101	66
5102	10
5103	46
5104	18
5105	51
5106	44
5107	48
5108	21
5109	64
5110	1
5111	35
5112	9
5113	24
5114	32
5115	35
5116	48
5117	54
5118	42
5119	2
5120	62
5121	18
5122	43
5123	42
5124	32
5125	4
5126	61
5127	29
5128	64
5129	36
5130	26
5131	29
5132	42
5133	28
5134	21
5135	23
5136	48
5137	55
5138	39
5139	16
5140	55
5141	16
5142	46
5143	18
5144	41
5145	68
5146	5
5147	67
5148	25
5149	31
5150	35
5151	35
5152	48
5153	50
5154	57
5155	55
5156	36
5157	52
5158	65
5159	27
5160	21
5161	8
5162	44
5163	14
5164	12
5165	32
5166	4
5167	62
5168	49
5169	58
5170	65
5171	46
5172	11
5173	47
5174	33
5175	63
5176	37
5177	31
5178	3
5179	67
5180	21
5181	17
5182	35
5183	48
5184	57
5185	51
5186	48
5187	38
5188	25
5189	14
5190	6
5191	40
5192	42
5193	68
5194	64
5195	13
5196	68
5197	32
5198	23
5199	41
5200	2
5201	39
5202	28
5203	56
5204	58
5205	22
5206	5
5207	31
5208	58
5209	52
5210	54
5211	9
5212	57
5213	61
5214	40
5215	28
5216	51
5217	18
5218	63
5219	55
5220	48
5221	62
5222	27
5223	59
5224	20
5225	53
5226	30
5227	26
5228	54
5229	64
5230	45
5231	66
5232	57
5233	18
5234	36
5235	63
5236	58
5237	65
5238	8
5239	33
5240	9
5241	5
5242	23
5243	18
5244	59
5245	38
5246	42
5247	43
5248	61
5249	57
5250	55
5251	64
5252	57
5253	54
5254	50
5255	46
5256	5
5257	28
5258	47
5259	66
5260	33
5261	35
5262	47
5263	9
5264	2
5265	34
5266	3
5267	37
5268	62
5269	6
5270	42
5271	46
5272	23
5273	40
5274	33
5275	28
5276	57
5277	57
5278	5
5279	65
5280	42
5281	25
5282	3
5283	12
5284	57
5285	46
5286	31
5287	62
5288	10
5289	22
5290	56
5291	7
5292	26
5293	27
5294	38
5295	46
5296	22
5297	3
5298	30
5299	40
5300	22
5301	25
5302	47
5303	27
5304	57
5305	28
5306	26
5307	49
5308	12
5309	52
5310	19
5311	41
5312	23
5313	30
5314	39
5315	42
5316	22
5317	12
5318	68
5319	43
5320	46
5321	30
5322	33
5323	22
5324	26
5325	9
5326	11
5327	53
5328	3
5329	5
5330	45
5331	55
5332	3
5333	1
5334	28
5335	50
5336	12
5337	24
5338	40
5339	35
5340	39
5341	45
5342	20
5343	22
5344	7
5345	34
5346	68
5347	63
5348	20
5349	23
5350	22
5351	54
5352	68
5353	51
5354	17
5355	19
5356	15
5357	11
5358	38
5359	57
5360	6
5361	4
5362	2
5363	55
5364	29
5365	25
5366	29
5367	42
5368	20
5369	55
5370	5
5371	51
5372	1
5373	5
5374	45
5375	55
5376	17
5377	42
5378	43
5379	66
5380	5
5381	60
5382	10
5383	4
5384	42
5385	45
5386	7
5387	10
5388	45
5389	67
5390	38
5391	44
5392	27
5393	2
5394	53
5395	65
5396	16
5397	55
5398	61
5399	35
5400	38
5401	31
5402	41
5403	18
5404	7
5405	66
5406	61
5407	30
5408	1
5409	41
5410	1
5411	27
5412	10
5413	21
5414	14
5415	24
5416	51
5417	34
5418	36
5419	9
5420	50
5421	61
5422	33
5423	29
5424	57
5425	24
5426	44
5427	22
5428	8
5429	6
5430	59
5431	29
5432	38
5433	13
5434	13
5435	22
5436	23
5437	58
5438	32
5439	2
5440	17
5441	44
5442	5
5443	53
5444	8
5445	7
5446	1
5447	2
5448	14
5449	34
5450	26
5451	37
5452	44
5453	8
5454	14
5455	67
5456	18
5457	14
5458	17
5459	3
5460	27
5461	6
5462	29
5463	24
5464	27
5465	40
5466	63
5467	21
5468	35
5469	42
5470	8
5471	54
5472	9
5473	1
5474	67
5475	28
5476	38
5477	9
5478	45
5479	63
5480	62
5481	28
5482	16
5483	28
5484	45
5485	64
5486	24
5487	18
5488	38
5489	49
5490	63
5491	1
5492	16
5493	53
5494	20
5495	4
5496	18
5497	58
5498	61
5499	2
5500	12
5501	65
5502	23
5503	60
5504	23
5505	59
5506	47
5507	67
5508	2
5509	8
5510	10
5511	39
5512	34
5513	35
5514	47
5515	62
5516	46
5517	4
5518	53
5519	35
5520	47
5521	26
5522	16
5523	39
5524	18
5525	56
5526	1
5527	12
5528	26
5529	12
5530	53
5531	44
5532	64
5533	65
5534	28
5535	56
5536	68
5537	20
5538	14
5539	49
5540	4
5541	56
5542	21
5543	48
5544	56
5545	45
5546	35
5547	12
5548	53
5549	39
5550	50
5551	15
5552	33
5553	7
5554	3
5555	27
5556	67
5557	4
5558	40
5559	28
5560	32
5561	5
5562	4
5563	4
5564	68
5565	1
5566	57
5567	9
5568	36
5569	27
5570	28
5571	18
5572	44
5573	61
5574	15
5575	38
5576	32
5577	57
5578	39
5579	62
5580	42
5581	57
5582	11
5583	21
5584	57
5585	30
5586	40
5587	36
5588	48
5589	29
5590	22
5591	6
5592	12
5593	68
5594	6
5595	58
5596	68
5597	59
5598	45
5599	23
5600	52
5601	52
5602	39
5603	49
5604	4
5605	52
5606	10
5607	32
5608	10
5609	19
5610	3
5611	42
5612	20
5613	42
5614	45
5615	35
5616	24
5617	50
5618	65
5619	2
5620	31
5621	38
5622	4
5623	26
5624	3
5625	61
5626	53
5627	67
5628	40
5629	23
5630	23
5631	3
5632	22
5633	24
5634	56
5635	7
5636	19
5637	20
5638	67
5639	4
5640	4
5641	64
5642	38
5643	6
5644	4
5645	48
5646	43
5647	38
5648	41
5649	57
5650	33
5651	31
5652	11
5653	60
5654	54
5655	46
5656	20
5657	54
5658	22
5659	56
5660	67
5661	16
5662	26
5663	39
5664	66
5665	27
5666	7
5667	37
5668	68
5669	6
5670	9
5671	45
5672	3
5673	10
5674	64
5675	20
5676	4
5677	5
5678	35
5679	59
5680	68
5681	5
5682	38
5683	5
5684	39
5685	57
5686	51
5687	43
5688	41
5689	16
5690	42
5691	57
5692	48
5693	16
5694	67
5695	59
5696	47
5697	31
5698	57
5699	32
5700	59
5701	62
5702	56
5703	6
5704	35
5705	11
5706	3
5707	50
5708	21
5709	67
5710	50
5711	33
5712	67
5713	55
5714	30
5715	17
5716	17
5717	66
5718	57
5719	35
5720	55
5721	20
5722	48
5723	13
5724	4
5725	9
5726	47
5727	46
5728	9
5729	27
5730	32
5731	57
5732	25
5733	49
5734	46
5735	67
5736	12
5737	17
5738	45
5739	28
5740	62
5741	11
5742	33
5743	54
5744	40
5745	58
5746	45
5747	49
5748	42
5749	10
5750	28
5751	26
5752	42
5753	3
5754	35
5755	32
5756	6
5757	28
5758	39
5759	38
5760	56
5761	19
5762	27
5763	45
5764	43
5765	46
5766	49
5767	61
5768	1
5769	5
5770	26
5771	59
5772	31
5773	35
5774	34
5775	23
5776	7
5777	21
5778	56
5779	11
5780	35
5781	15
5782	42
5783	42
5784	65
5785	47
5786	9
5787	11
5788	5
5789	17
5790	53
5791	64
5792	68
5793	8
5794	63
5795	15
5796	23
5797	34
5798	2
5799	34
5800	27
5801	37
5802	34
5803	44
5804	2
5805	29
5806	22
5807	33
5808	47
5809	12
5810	28
5811	7
5812	51
5813	4
5814	28
5815	33
5816	15
5817	33
5818	5
5819	38
5820	34
5821	67
5822	6
5823	65
5824	48
5825	1
5826	2
5827	16
5828	11
5829	2
5830	9
5831	52
5832	4
5833	15
5834	13
5835	50
5836	45
5837	63
5838	8
5839	48
5840	40
5841	59
5842	6
5843	17
5844	2
5845	57
5846	52
5847	9
5848	28
5849	52
5850	5
5851	67
5852	31
5853	23
5854	66
5855	62
5856	29
5857	55
5858	45
5859	10
5860	10
5861	23
5862	32
5863	40
5864	66
5865	1
5866	39
5867	31
5868	24
5869	22
5870	29
5871	2
5872	66
5873	43
5874	5
5875	8
5876	28
5877	51
5878	42
5879	65
5880	21
5881	20
5882	23
5883	39
5884	17
5885	64
5886	57
5887	57
5888	37
5889	37
5890	27
5891	66
5892	48
5893	40
5894	19
5895	38
5896	7
5897	53
5898	11
5899	25
5900	45
5901	18
5902	46
5903	21
5904	42
5905	57
5906	16
5907	24
5908	2
5909	42
5910	17
5911	21
5912	3
5913	44
5914	25
5915	59
5916	18
5917	9
5918	25
5919	2
5920	31
5921	20
5922	18
5923	10
5924	7
5925	50
5926	44
5927	7
5928	40
5929	3
5930	57
5931	17
5932	1
5933	20
5934	55
5935	59
5936	65
5937	59
5938	28
5939	51
5940	56
5941	36
5942	54
5943	30
5944	4
5945	58
5946	57
5947	53
5948	23
5949	67
5950	51
5951	31
5952	2
5953	20
5954	11
5955	1
5956	3
5957	44
5958	1
5959	8
5960	68
5961	31
5962	55
5963	38
5964	8
5965	15
5966	1
5967	15
5968	31
5969	1
5970	67
5971	40
5972	65
5973	17
5974	36
5975	15
5976	30
5977	10
5978	39
5979	67
5980	1
5981	39
5982	4
5983	5
5984	47
5985	18
5986	20
5987	42
5988	21
5989	32
5990	27
5991	35
5992	7
5993	4
5994	58
5995	63
5996	37
5997	13
5998	24
5999	20
6000	33
6001	42
6002	27
6003	47
6004	57
6005	14
6006	28
6007	17
6008	4
6009	34
6010	37
6011	66
6012	1
6013	12
6014	62
6015	67
6016	51
6017	63
6018	30
6019	21
6020	36
6021	25
6022	60
6023	9
6024	5
6025	16
6026	48
6027	46
6028	21
6029	15
6030	5
6031	14
6032	1
6033	29
6034	47
6035	10
6036	16
6037	37
6038	5
6039	6
6040	62
6041	53
6042	48
6043	20
6044	9
6045	58
6046	57
6047	58
6048	10
6049	25
6050	5
6051	42
6052	25
6053	24
6054	1
6055	39
6056	51
6057	42
6058	64
6059	23
6060	11
6061	51
6062	26
6063	54
6064	51
6065	37
6066	40
6067	59
6068	2
6069	36
6070	5
6071	17
6072	25
6073	55
6074	37
6075	67
6076	7
6077	50
6078	59
6079	28
6080	25
6081	14
6082	42
6083	56
6084	37
6085	6
6086	58
6087	46
6088	48
6089	44
6090	64
6091	47
6092	20
6093	60
6094	48
6095	15
6096	22
6097	39
6098	54
6099	37
6100	25
6101	36
6102	23
6103	49
6104	67
6105	43
6106	44
6107	40
6108	39
6109	61
6110	53
6111	30
6112	30
6113	20
6114	26
6115	12
6116	33
6117	22
6118	5
6119	59
6120	1
6121	10
6122	63
6123	45
6124	50
6125	41
6126	63
6127	8
6128	24
6129	54
6130	36
6131	57
6132	52
6133	27
6134	38
6135	31
6136	48
6137	55
6138	57
6139	54
6140	49
6141	45
6142	22
6143	49
6144	14
6145	60
6146	4
6147	12
6148	27
6149	19
6150	68
6151	33
6152	35
6153	47
6154	62
6155	41
6156	39
6157	29
6158	15
6159	27
6160	31
6161	50
6162	53
6163	66
6164	30
6165	8
6166	42
6167	7
6168	45
6169	48
6170	49
6171	17
6172	46
6173	60
6174	23
6175	50
6176	31
6177	52
6178	15
6179	65
6180	62
6181	2
6182	63
6183	66
6184	3
6185	34
6186	57
6187	30
6188	33
6189	35
6190	4
6191	18
6192	4
6193	64
6194	43
6195	22
6196	25
6197	38
6198	56
6199	33
6200	65
6201	1
6202	27
6203	32
6204	59
6205	4
6206	2
6207	25
6208	60
6209	68
6210	2
6211	49
6212	22
6213	21
6214	13
6215	29
6216	56
6217	28
6218	19
6219	21
6220	39
6221	12
6222	57
6223	8
6224	51
6225	63
6226	16
6227	1
6228	21
6229	28
6230	56
6231	41
6232	1
6233	59
6234	1
6235	51
6236	32
6237	18
6238	8
6239	50
6240	22
6241	13
6242	15
6243	8
6244	66
6245	63
6246	35
6247	8
6248	45
6249	17
6250	37
6251	68
6252	18
6253	43
6254	5
6255	68
6256	49
6257	17
6258	58
6259	45
6260	35
6261	45
6262	50
6263	8
6264	55
6265	31
6266	19
6267	35
6268	48
6269	38
6270	60
6271	23
6272	37
6273	28
6274	68
6275	29
6276	67
6277	47
6278	1
6279	14
6280	44
6281	55
6282	37
6283	49
6284	5
6285	64
6286	58
6287	13
6288	37
6289	18
6290	64
6291	24
6292	1
6293	5
6294	45
6295	21
6296	38
6297	55
6298	35
6299	30
6300	67
6301	6
6302	51
6303	32
6304	13
6305	58
6306	23
6307	46
6308	64
6309	67
6310	14
6311	40
6312	64
6313	15
6314	8
6315	4
6316	18
6317	58
6318	15
6319	38
6320	11
6321	7
6322	2
6323	48
6324	2
6325	21
6326	64
6327	7
6328	16
6329	45
6330	10
6331	45
6332	42
6333	53
6334	30
6335	29
6336	18
6337	44
6338	48
6339	38
6340	58
6341	13
6342	27
6343	39
6344	5
6345	66
6346	59
6347	15
6348	68
6349	39
6350	39
6351	13
6352	14
6353	29
6354	23
6355	62
6356	30
6357	21
6358	49
6359	21
6360	23
6361	2
6362	35
6363	23
6364	48
6365	65
6366	32
6367	32
6368	40
6369	60
6370	54
6371	47
6372	14
6373	23
6374	27
6375	41
6376	8
6377	6
6378	47
6379	45
6380	14
6381	16
6382	41
6383	25
6384	30
6385	28
6386	57
6387	64
6388	67
6389	57
6390	50
6391	27
6392	2
6393	15
6394	8
6395	59
6396	65
6397	34
6398	61
6399	8
6400	36
6401	18
6402	57
6403	34
6404	27
6405	65
6406	41
6407	41
6408	18
6409	8
6410	42
6411	10
6412	9
6413	26
6414	30
6415	63
6416	10
6417	22
6418	53
6419	47
6420	51
6421	27
6422	27
6423	49
6424	15
6425	61
6426	33
6427	44
6428	39
6429	21
6430	2
6431	21
6432	20
6433	67
6434	48
6435	49
6436	17
6437	5
6438	65
6439	55
6440	32
6441	62
6442	35
6443	49
6444	33
6445	62
6446	23
6447	32
6448	26
6449	65
6450	57
6451	6
6452	51
6453	59
6454	8
6455	41
6456	28
6457	6
6458	14
6459	50
6460	22
6461	13
6462	40
6463	46
6464	23
6465	58
6466	2
6467	68
6468	43
6469	62
6470	3
6471	62
6472	27
6473	68
6474	34
6475	12
6476	12
6477	53
6478	28
6479	67
6480	1
6481	67
6482	57
6483	66
6484	32
6485	6
6486	51
6487	17
6488	12
6489	56
6490	19
6491	64
6492	68
6493	65
6494	21
6495	39
6496	32
6497	66
6498	3
6499	62
6500	33
6501	28
6502	25
6503	5
6504	58
6505	16
6506	43
6507	20
6508	19
6509	33
6510	32
6511	57
6512	35
6513	35
6514	55
6515	20
6516	20
6517	54
6518	24
6519	32
6520	43
6521	45
6522	29
6523	20
6524	60
6525	24
6526	54
6527	42
6528	64
6529	21
6530	57
6531	19
6532	27
6533	40
6534	8
6535	64
6536	26
6537	23
6538	38
6539	60
6540	35
6541	55
6542	7
6543	5
6544	22
6545	53
6546	45
6547	45
6548	54
6549	37
6550	27
6551	51
6552	5
6553	59
6554	23
6555	20
6556	60
6557	48
6558	2
6559	45
6560	17
6561	36
6562	37
6563	44
6564	16
6565	67
6566	44
6567	47
6568	17
6569	66
6570	50
6571	67
6572	57
6573	22
6574	18
6575	35
6576	57
6577	68
6578	2
6579	5
6580	44
6581	25
6582	45
6583	32
6584	45
6585	17
6586	10
6587	5
6588	66
6589	42
6590	45
6591	21
6592	51
6593	31
6594	5
6595	65
6596	67
6597	51
6598	25
6599	1
6600	14
6601	44
6602	42
6603	21
6604	3
6605	47
6606	52
6607	35
6608	10
6609	64
6610	37
6611	19
6612	48
6613	11
6614	29
6615	21
6616	38
6617	62
6618	18
6619	1
6620	2
6621	32
6622	5
6623	18
6624	17
6625	49
6626	61
6627	39
6628	23
6629	53
6630	5
6631	59
6632	65
6633	67
6634	16
6635	43
6636	51
6637	66
6638	37
6639	11
6640	62
6641	63
6642	39
6643	66
6644	1
6645	40
6646	51
6647	48
6648	58
6649	49
6650	52
6651	39
6652	39
6653	53
6654	4
6655	43
6656	62
6657	53
6658	22
6659	5
6660	57
6661	36
6662	55
6663	45
6664	43
6665	8
6666	10
6667	10
6668	16
6669	22
6670	22
6671	20
6672	42
6673	8
6674	28
6675	42
6676	25
6677	40
6678	55
6679	34
6680	39
6681	42
6682	24
6683	39
6684	35
6685	14
6686	18
6687	30
6688	14
6689	57
6690	45
6691	45
6692	60
6693	60
6694	40
6695	52
6696	52
6697	50
6698	54
6699	60
6700	55
6701	39
6702	4
6703	3
6704	12
6705	8
6706	15
6707	35
6708	37
6709	22
6710	3
6711	66
6712	24
6713	37
6714	47
6715	60
6716	18
6717	33
6718	64
6719	38
6720	60
6721	1
6722	67
6723	31
6724	14
6725	8
6726	49
6727	6
6728	4
6729	48
6730	29
6731	47
6732	21
6733	8
6734	31
6735	30
6736	58
6737	17
6738	3
6739	1
6740	63
6741	8
6742	45
6743	50
6744	35
6745	18
6746	42
6747	32
6748	55
6749	20
6750	46
6751	17
6752	52
6753	24
6754	9
6755	67
6756	47
6757	45
6758	44
6759	60
6760	36
6761	2
6762	18
6763	30
6764	39
6765	38
6766	2
6767	16
6768	60
6769	33
6770	62
6771	55
6772	14
6773	56
6774	39
6775	64
6776	46
6777	55
6778	39
6779	66
6780	34
6781	46
6782	3
6783	48
6784	40
6785	67
6786	45
6787	33
6788	54
6789	24
6790	10
6791	64
6792	56
6793	61
6794	10
6795	31
6796	44
6797	41
6798	27
6799	30
6800	53
6801	32
6802	22
6803	35
6804	35
6805	58
6806	51
6807	60
6808	60
6809	5
6810	66
6811	4
6812	60
6813	39
6814	12
6815	49
6816	48
6817	6
6818	1
6819	65
6820	1
6821	45
6822	43
6823	29
6824	27
6825	35
6826	23
6827	48
6828	22
6829	44
6830	14
6831	24
6832	49
6833	41
6834	65
6835	18
6836	54
6837	29
6838	22
6839	47
6840	29
6841	18
6842	16
6843	8
6844	18
6845	59
6846	15
6847	17
6848	15
6849	8
6850	26
6851	52
6852	17
6853	46
6854	12
6855	44
6856	21
6857	27
6858	40
6859	3
6860	62
6861	38
6862	66
6863	35
6864	46
6865	5
6866	59
6867	21
6868	62
6869	67
6870	44
6871	39
6872	18
6873	38
6874	54
6875	26
6876	44
6877	26
6878	9
6879	44
6880	9
6881	10
6882	30
6883	10
6884	24
6885	3
6886	2
6887	36
6888	8
6889	10
6890	27
6891	42
6892	5
6893	19
6894	42
6895	47
6896	35
6897	37
6898	30
6899	59
6900	67
6901	59
6902	16
6903	57
6904	17
6905	29
6906	30
6907	1
6908	29
6909	10
6910	51
6911	66
6912	1
6913	43
6914	2
6915	39
6916	57
6917	37
6918	40
6919	35
6920	35
6921	36
6922	31
6923	46
6924	14
6925	28
6926	55
6927	59
6928	66
6929	4
6930	9
6931	15
6932	12
6933	66
6934	14
6935	20
6936	3
6937	5
6938	44
6939	42
6940	19
6941	45
6942	12
6943	57
6944	64
6945	63
6946	55
6947	3
6948	10
6949	62
6950	37
6951	46
6952	1
6953	36
6954	48
6955	17
6956	50
6957	22
6958	12
6959	14
6960	56
6961	61
6962	31
6963	21
6964	21
6965	4
6966	17
6967	5
6968	68
6969	3
6970	41
6971	11
6972	49
6973	3
6974	1
6975	66
6976	15
6977	25
6978	35
6979	46
6980	9
6981	6
6982	16
6983	23
6984	37
6985	2
6986	50
6987	45
6988	6
6989	51
6990	4
6991	5
6992	63
6993	2
6994	56
6995	14
6996	12
6997	55
6998	51
6999	22
7000	3
7001	9
7002	44
7003	2
7004	30
7005	64
7006	62
7007	6
7008	63
7009	67
7010	41
7011	18
7012	36
7013	1
7014	18
7015	27
7016	39
7017	62
7018	33
7019	54
7020	47
7021	55
7022	36
7023	8
7024	15
7025	50
7026	23
7027	49
7028	42
7029	20
7030	33
7031	44
7032	35
7033	61
7034	65
7035	26
7036	18
7037	16
7038	48
7039	39
7040	24
7041	19
7042	37
7043	62
7044	31
7045	10
7046	20
7047	30
7048	32
7049	60
7050	5
7051	23
7052	49
7053	2
7054	59
7055	53
7056	29
7057	57
7058	8
7059	47
7060	67
7061	17
7062	23
7063	17
7064	23
7065	68
7066	2
7067	36
7068	31
7069	49
7070	66
7071	50
7072	38
7073	13
7074	47
7075	10
7076	49
7077	20
7078	30
7079	20
7080	11
7081	57
7082	32
7083	36
7084	14
7085	16
7086	14
7087	59
7088	16
7089	23
7090	25
7091	42
7092	21
7093	16
7094	35
7095	60
7096	6
7097	45
7098	52
7099	5
7100	35
7101	27
7102	45
7103	60
7104	24
7105	57
7106	26
7107	29
7108	62
7109	43
7110	10
7111	56
7112	59
7113	52
7114	2
7115	41
7116	41
7117	62
7118	33
7119	21
7120	23
7121	53
7122	43
7123	31
7124	2
7125	45
7126	47
7127	58
7128	33
7129	1
7130	62
7131	51
7132	36
7133	57
7134	1
7135	59
7136	39
7137	59
7138	62
7139	68
7140	6
7141	3
7142	17
7143	20
7144	39
7145	42
7146	53
7147	1
7148	24
7149	20
7150	48
7151	52
7152	19
7153	10
7154	4
7155	45
7156	27
7157	55
7158	1
7159	55
7160	46
7161	16
7162	18
7163	58
7164	33
7165	64
7166	50
7167	1
7168	2
7169	10
7170	13
7171	31
7172	36
7173	51
7174	17
7175	22
7176	26
7177	8
7178	17
7179	39
7180	47
7181	2
7182	42
7183	9
7184	27
7185	42
7186	55
7187	37
7188	41
7189	22
7190	37
7191	52
7192	44
7193	27
7194	61
7195	22
7196	36
7197	43
7198	24
7199	5
7200	56
7201	32
7202	20
7203	49
7204	27
7205	24
7206	67
7207	27
7208	1
7209	11
7210	4
7211	16
7212	23
7213	45
7214	6
7215	61
7216	29
7217	50
7218	43
7219	3
7220	59
7221	48
7222	51
7223	29
7224	32
7225	55
7226	46
7227	15
7228	51
7229	50
7230	32
7231	58
7232	66
7233	47
7234	65
7235	55
7236	12
7237	58
7238	14
7239	56
7240	19
7241	45
7242	37
7243	38
7244	33
7245	58
7246	31
7247	65
7248	17
7249	48
7250	48
7251	4
7252	52
7253	61
7254	64
7255	25
7256	34
7257	44
7258	15
7259	58
7260	12
7261	45
7262	26
7263	47
7264	63
7265	8
7266	60
7267	10
7268	22
7269	15
7270	62
7271	16
7272	30
7273	39
7274	68
7275	28
7276	34
7277	61
7278	8
7279	65
7280	38
7281	60
7282	1
7283	56
7284	11
7285	56
7286	21
7287	37
7288	43
7289	66
7290	8
7291	17
7292	45
7293	11
7294	7
7295	57
7296	10
7297	12
7298	48
7299	29
7300	42
7301	40
7302	35
7303	27
7304	39
7305	54
7306	53
7307	26
7308	40
7309	62
7310	29
7311	48
7312	4
7313	59
7314	5
7315	28
7316	8
7317	39
7318	12
7319	49
7320	41
7321	66
7322	62
7323	23
7324	25
7325	68
7326	2
7327	14
7328	28
7329	14
7330	13
7331	12
7332	47
7333	14
7334	45
7335	3
7336	6
7337	58
7338	34
7339	29
7340	65
7341	41
7342	14
7343	24
7344	30
7345	5
7346	12
7347	35
7348	48
7349	41
7350	19
7351	24
7352	27
7353	24
7354	1
7355	1
7356	9
7357	7
7358	4
7359	1
7360	5
7361	45
7362	26
7363	35
7364	50
7365	48
7366	8
7367	30
7368	52
7369	37
7370	41
7371	22
7372	1
7373	44
7374	7
7375	34
7376	18
7377	49
7378	8
7379	8
7380	37
7381	64
7382	24
7383	66
7384	32
7385	47
7386	60
7387	12
7388	37
7389	37
7390	32
7391	16
7392	51
7393	67
7394	44
7395	5
7396	68
7397	28
7398	17
7399	42
7400	68
7401	2
7402	65
7403	49
7404	52
7405	44
7406	43
7407	6
7408	48
7409	20
7410	44
7411	6
7412	1
7413	9
7414	54
7415	6
7416	17
7417	31
7418	16
7419	57
7420	13
7421	23
7422	18
7423	25
7424	48
7425	58
7426	12
7427	45
7428	40
7429	3
7430	26
7431	2
7432	39
7433	2
7434	10
7435	6
7436	15
7437	6
7438	34
7439	16
7440	14
7441	37
7442	27
7443	47
7444	11
7445	12
7446	17
7447	48
7448	33
7449	43
7450	53
7451	35
7452	38
7453	50
7454	67
7455	17
7456	30
7457	33
7458	14
7459	43
7460	51
7461	11
7462	8
7463	55
7464	45
7465	2
7466	46
7467	33
7468	37
7469	23
7470	13
7471	35
7472	10
7473	22
7474	3
7475	37
7476	49
7477	23
7478	47
7479	47
7480	56
7481	20
7482	25
7483	40
7484	64
7485	61
7486	5
7487	45
7488	62
7489	57
7490	54
7491	34
7492	4
7493	59
7494	39
7495	21
7496	64
7497	7
7498	54
7499	30
7500	8
7501	15
7502	4
7503	52
7504	2
7505	43
7506	38
7507	33
7508	44
7509	27
7510	16
7511	27
7512	8
7513	17
7514	66
7515	39
7516	34
7517	27
7518	29
7519	59
7520	66
7521	60
7522	26
7523	23
7524	8
7525	14
7526	58
7527	23
7528	17
7529	5
7530	31
7531	29
7532	60
7533	27
7534	2
7535	16
7536	23
7537	63
7538	59
7539	62
7540	14
7541	22
7542	1
7543	27
7544	6
7545	40
7546	10
7547	60
7548	2
7549	8
7550	35
7551	62
7552	4
7553	27
7554	58
7555	34
7556	36
7557	5
7558	20
7559	10
7560	24
7561	44
7562	56
7563	38
7564	38
7565	4
7566	22
7567	34
7568	25
7569	67
7570	15
7571	50
7572	39
7573	54
7574	20
7575	23
7576	7
7577	56
7578	63
7579	14
7580	23
7581	47
7582	66
7583	48
7584	25
7585	25
7586	46
7587	55
7588	55
7589	32
7590	46
7591	32
7592	52
7593	14
7594	45
7595	29
7596	17
7597	15
7598	20
7599	59
7600	64
7601	2
7602	65
7603	67
7604	62
7605	54
7606	45
7607	45
7608	16
7609	65
7610	39
7611	43
7612	7
7613	35
7614	20
7615	12
7616	18
7617	18
7618	49
7619	38
7620	42
7621	57
7622	21
7623	21
7624	17
7625	51
7626	21
7627	21
7628	67
7629	14
7630	29
7631	10
7632	21
7633	67
7634	28
7635	55
7636	53
7637	60
7638	5
7639	45
7640	39
7641	11
7642	53
7643	26
7644	51
7645	23
7646	66
7647	34
7648	9
7649	22
7650	38
7651	55
7652	40
7653	3
7654	51
7655	49
7656	4
7657	60
7658	5
7659	33
7660	40
7661	49
7662	32
7663	56
7664	22
7665	2
7666	52
7667	38
7668	34
7669	11
7670	17
7671	66
7672	9
7673	23
7674	12
7675	67
7676	64
7677	25
7678	33
7679	9
7680	17
7681	32
7682	16
7683	41
7684	63
7685	13
7686	53
7687	67
7688	4
7689	51
7690	24
7691	23
7692	58
7693	60
7694	23
7695	38
7696	8
7697	48
7698	43
7699	10
7700	20
7701	14
7702	31
7703	32
7704	20
7705	27
7706	55
7707	5
7708	16
7709	8
7710	39
7711	38
7712	22
7713	59
7714	36
7715	51
7716	36
7717	27
7718	41
7719	15
7720	33
7721	66
7722	4
7723	7
7724	45
7725	15
7726	25
7727	14
7728	39
7729	14
7730	51
7731	14
7732	62
7733	42
7734	64
7735	21
7736	35
7737	14
7738	50
7739	50
7740	68
7741	56
7742	21
7743	35
7744	27
7745	67
7746	45
7747	13
7748	14
7749	34
7750	7
7751	8
7752	23
7753	38
7754	19
7755	45
7756	40
7757	30
7758	40
7759	24
7760	31
7761	58
7762	31
7763	32
7764	44
7765	56
7766	1
7767	7
7768	5
7769	17
7770	27
7771	11
7772	22
7773	31
7774	18
7775	65
7776	61
7777	16
7778	59
7779	39
7780	66
7781	27
7782	55
7783	60
7784	32
7785	10
7786	49
7787	27
7788	52
7789	28
7790	21
7791	49
7792	19
7793	48
7794	26
7795	23
7796	6
7797	57
7798	11
7799	9
7800	68
7801	35
7802	62
7803	51
7804	56
7805	35
7806	51
7807	8
7808	44
7809	62
7810	58
7811	41
7812	14
7813	6
7814	42
7815	13
7816	8
7817	3
7818	57
7819	34
7820	20
7821	35
7822	49
7823	27
7824	35
7825	25
7826	22
7827	20
7828	65
7829	60
7830	4
7831	54
7832	12
7833	20
7834	33
7835	14
7836	12
7837	34
7838	19
7839	1
7840	39
7841	47
7842	30
7843	54
7844	53
7845	17
7846	23
7847	57
7848	4
7849	48
7850	23
7851	6
7852	27
7853	27
7854	28
7855	24
7856	52
7857	18
7858	1
7859	8
7860	37
7861	52
7862	34
7863	28
7864	7
7865	4
7866	68
7867	2
7868	18
7869	62
7870	52
7871	25
7872	4
7873	2
7874	63
7875	50
7876	15
7877	47
7878	23
7879	27
7880	29
7881	63
7882	1
7883	33
7884	38
7885	3
7886	24
7887	3
7888	3
7889	61
7890	8
7891	57
7892	67
7893	45
7894	33
7895	41
7896	28
7897	48
7898	14
7899	32
7900	61
7901	45
7902	51
7903	14
7904	54
7905	24
7906	55
7907	59
7908	31
7909	41
7910	55
7911	60
7912	51
7913	45
7914	39
7915	17
7916	28
7917	11
7918	1
7919	51
7920	55
7921	18
7922	25
7923	34
7924	33
7925	18
7926	28
7927	67
7928	48
7929	68
7930	55
7931	4
7932	27
7933	7
7934	65
7935	56
7936	43
7937	49
7938	44
7939	28
7940	2
7941	42
7942	3
7943	46
7944	39
7945	44
7946	47
7947	25
7948	45
7949	53
7950	47
7951	17
7952	46
7953	49
7954	28
7955	41
7956	47
7957	60
7958	39
7959	68
7960	65
7961	8
7962	68
7963	9
7964	37
7965	59
7966	53
7967	13
7968	24
7969	35
7970	27
7971	17
7972	60
7973	27
7974	35
7975	66
7976	59
7977	5
7978	68
7979	48
7980	17
7981	51
7982	50
7983	28
7984	42
7985	26
7986	8
7987	35
7988	5
7989	41
7990	28
7991	9
7992	32
7993	17
7994	53
7995	55
7996	66
7997	37
7998	10
7999	4
8000	41
8001	45
8002	36
8003	20
8004	38
8005	21
8006	24
8007	65
8008	50
8009	38
8010	33
8011	13
8012	57
8013	24
8014	65
8015	21
8016	64
8017	62
8018	60
8019	38
8020	10
8021	16
8022	66
8023	48
8024	17
8025	56
8026	9
8027	38
8028	56
8029	5
8030	37
8031	7
8032	21
8033	53
8034	25
8035	7
8036	38
8037	57
8038	38
8039	1
8040	33
8041	11
8042	58
8043	51
8044	65
8045	65
8046	23
8047	1
8048	23
8049	30
8050	16
8051	56
8052	39
8053	4
8054	17
8055	8
8056	65
8057	27
8058	25
8059	57
8060	58
8061	53
8062	56
8063	37
8064	57
8065	36
8066	68
8067	25
8068	27
8069	58
8070	4
8071	20
8072	1
8073	49
8074	15
8075	51
8076	29
8077	24
8078	37
8079	45
8080	28
8081	7
8082	48
8083	10
8084	33
8085	56
8086	26
8087	47
8088	52
8089	14
8090	6
8091	32
8092	42
8093	43
8094	21
8095	39
8096	17
8097	57
8098	12
8099	50
8100	1
8101	22
8102	36
8103	34
8104	63
8105	37
8106	10
8107	23
8108	29
8109	45
8110	19
8111	58
8112	30
8113	51
8114	33
8115	33
8116	59
8117	23
8118	50
8119	42
8120	24
8121	44
8122	48
8123	23
8124	5
8125	18
8126	49
8127	4
8128	10
8129	7
8130	45
8131	1
8132	22
8133	32
8134	54
8135	29
8136	67
8137	49
8138	35
8139	62
8140	30
8141	37
8142	7
8143	63
8144	30
8145	64
8146	9
8147	1
8148	58
8149	25
8150	7
8151	28
8152	64
8153	60
8154	63
8155	33
8156	62
8157	44
8158	42
8159	12
8160	65
8161	32
8162	60
8163	68
8164	56
8165	53
8166	54
8167	53
8168	44
8169	4
8170	25
8171	45
8172	58
8173	36
8174	10
8175	3
8176	57
8177	21
8178	60
8179	62
8180	16
8181	13
8182	11
8183	18
8184	51
8185	68
8186	31
8187	35
8188	63
8189	27
8190	52
8191	23
8192	20
8193	13
8194	12
8195	31
8196	53
8197	35
8198	16
8199	61
8200	65
8201	33
8202	45
8203	1
8204	10
8205	33
8206	39
8207	8
8208	67
8209	49
8210	39
8211	7
8212	64
8213	45
8214	6
8215	40
8216	64
8217	40
8218	65
8219	13
8220	44
8221	60
8222	46
8223	8
8224	18
8225	66
8226	38
8227	45
8228	44
8229	66
8230	58
8231	4
8232	4
8233	49
8234	29
8235	54
8236	49
8237	5
8238	17
8239	34
8240	53
8241	6
8242	57
8243	18
8244	38
8245	5
8246	59
8247	56
8248	66
8249	33
8250	57
8251	66
8252	47
8253	2
8254	33
8255	10
8256	41
8257	17
8258	61
8259	25
8260	22
8261	20
8262	59
8263	27
8264	47
8265	6
8266	16
8267	28
8268	47
8269	56
8270	31
8271	18
8272	40
8273	55
8274	54
8275	6
8276	18
8277	15
8278	62
8279	13
8280	8
8281	33
8282	68
8283	45
8284	57
8285	43
8286	40
8287	13
8288	2
8289	28
8290	43
8291	12
8292	28
8293	44
8294	39
8295	20
8296	22
8297	56
8298	5
8299	68
8300	57
8301	42
8302	21
8303	5
8304	55
8305	61
8306	43
8307	61
8308	18
8309	43
8310	31
8311	19
8312	37
8313	2
8314	34
8315	30
8316	50
8317	37
8318	7
8319	45
8320	21
8321	43
8322	16
8323	61
8324	25
8325	41
8326	10
8327	20
8328	52
8329	35
8330	39
8331	63
8332	40
8333	8
8334	19
8335	15
8336	17
8337	59
8338	56
8339	49
8340	57
8341	58
8342	16
8343	42
8344	68
8345	14
8346	28
8347	48
8348	50
8349	25
8350	54
8351	47
8352	50
8353	34
8354	49
8355	44
8356	39
8357	41
8358	14
8359	30
8360	48
8361	9
8362	8
8363	21
8364	55
8365	15
8366	62
8367	20
8368	63
8369	35
8370	38
8371	40
8372	7
8373	25
8374	12
8375	18
8376	42
8377	27
8378	51
8379	66
8380	6
8381	26
8382	25
8383	13
8384	68
8385	38
8386	29
8387	64
8388	39
8389	59
8390	9
8391	45
8392	3
8393	39
8394	35
8395	12
8396	1
8397	50
8398	23
8399	34
8400	32
8401	44
8402	42
8403	17
8404	37
8405	49
8406	3
8407	10
8408	39
8409	44
8410	47
8411	22
8412	33
8413	10
8414	62
8415	38
8416	15
8417	63
8418	25
8419	56
8420	57
8421	28
8422	27
8423	39
8424	47
8425	59
8426	34
8427	17
8428	1
8429	9
8430	50
8431	47
8432	21
8433	65
8434	67
8435	1
8436	12
8437	56
8438	68
8439	23
8440	36
8441	8
8442	51
8443	6
8444	60
8445	15
8446	11
8447	66
8448	33
8449	2
8450	10
8451	41
8452	38
8453	7
8454	6
8455	2
8456	57
8457	65
8458	60
8459	46
8460	50
8461	10
8462	5
8463	59
8464	4
8465	22
8466	49
8467	16
8468	48
8469	38
8470	60
8471	28
8472	43
8473	13
8474	2
8475	18
8476	10
8477	36
8478	65
8479	41
8480	28
8481	42
8482	6
8483	44
8484	38
8485	25
8486	42
8487	27
8488	24
8489	66
8490	50
8491	20
8492	9
8493	1
8494	6
8495	47
8496	49
8497	36
8498	22
8499	63
8500	25
8501	41
8502	20
8503	33
8504	19
8505	21
8506	22
8507	20
8508	55
8509	62
8510	27
8511	67
8512	23
8513	31
8514	45
8515	35
8516	44
8517	27
8518	21
8519	28
8520	27
8521	2
8522	3
8523	7
8524	26
8525	32
8526	25
8527	3
8528	42
8529	36
8530	15
8531	48
8532	42
8533	21
8534	25
8535	68
8536	27
8537	42
8538	2
8539	25
8540	11
8541	45
8542	49
8543	53
8544	38
8545	61
8546	54
8547	55
8548	56
8549	49
8550	19
8551	61
8552	20
8553	43
8554	3
8555	39
8556	29
8557	39
8558	36
8559	12
8560	22
8561	4
8562	58
8563	56
8564	33
8565	48
8566	21
8567	14
8568	52
8569	26
8570	13
8571	56
8572	47
8573	48
8574	47
8575	51
8576	48
8577	35
8578	61
8579	38
8580	4
8581	18
8582	35
8583	58
8584	7
8585	44
8586	38
8587	29
8588	56
8589	20
8590	7
8591	31
8592	2
8593	41
8594	49
8595	20
8596	9
8597	39
8598	35
8599	58
8600	31
8601	1
8602	48
8603	21
8604	16
8605	16
8606	53
8607	54
8608	11
8609	57
8610	27
8611	23
8612	12
8613	49
8614	10
8615	30
8616	48
8617	52
8618	45
8619	40
8620	22
8621	55
8622	13
8623	44
8624	24
8625	58
8626	56
8627	55
8628	16
8629	27
8630	2
8631	30
8632	20
8633	19
8634	28
8635	28
8636	2
8637	34
8638	18
8639	9
8640	42
8641	36
8642	47
8643	27
8644	25
8645	19
8646	24
8647	21
8648	61
8649	40
8650	28
8651	58
8652	13
8653	38
8654	27
8655	57
8656	41
8657	2
8658	42
8659	33
8660	2
8661	29
8662	17
8663	32
8664	63
8665	63
8666	18
8667	47
8668	3
8669	66
8670	33
8671	65
8672	67
8673	9
8674	38
8675	57
8676	53
8677	9
8678	50
8679	62
8680	48
8681	29
8682	43
8683	15
8684	17
8685	32
8686	7
8687	49
8688	49
8689	39
8690	37
8691	48
8692	39
8693	31
8694	67
8695	65
8696	3
8697	4
8698	38
8699	62
8700	16
8701	15
8702	61
8703	33
8704	23
8705	47
8706	48
8707	1
8708	6
8709	44
8710	62
8711	66
8712	22
8713	39
8714	35
8715	58
8716	27
8717	27
8718	32
8719	66
8720	5
8721	38
8722	47
8723	50
8724	65
8725	56
8726	1
8727	48
8728	44
8729	23
8730	39
8731	2
8732	49
8733	53
8734	32
8735	68
8736	9
8737	35
8738	2
8739	5
8740	3
8741	48
8742	31
8743	31
8744	35
8745	4
8746	61
8747	54
8748	40
8749	55
8750	16
8751	49
8752	23
8753	15
8754	14
8755	64
8756	67
8757	41
8758	25
8759	6
8760	12
8761	37
8762	5
8763	4
8764	12
8765	57
8766	35
8767	47
8768	4
8769	16
8770	17
8771	37
8772	18
8773	32
8774	52
8775	27
8776	6
8777	20
8778	11
8779	11
8780	4
8781	54
8782	34
8783	39
8784	59
8785	37
8786	17
8787	18
8788	18
8789	57
8790	30
8791	67
8792	42
8793	25
8794	65
8795	39
8796	33
8797	22
8798	21
8799	33
8800	14
8801	8
8802	16
8803	1
8804	35
8805	22
8806	48
8807	35
8808	32
8809	28
8810	28
8811	6
8812	21
8813	19
8814	26
8815	10
8816	42
8817	9
8818	67
8819	53
8820	5
8821	59
8822	11
8823	46
8824	50
8825	38
8826	38
8827	8
8828	47
8829	32
8830	61
8831	42
8832	37
8833	43
8834	35
8835	43
8836	63
8837	27
8838	47
8839	59
8840	21
8841	3
8842	32
8843	50
8844	22
8845	21
8846	40
8847	26
8848	59
8849	33
8850	48
8851	4
8852	25
8853	51
8854	11
8855	56
8856	21
8857	53
8858	28
8859	7
8860	40
8861	49
8862	43
8863	18
8864	35
8865	29
8866	11
8867	39
8868	53
8869	48
8870	17
8871	25
8872	19
8873	27
8874	38
8875	5
8876	22
8877	12
8878	16
8879	58
8880	19
8881	28
8882	2
8883	2
8884	47
8885	24
8886	32
8887	47
8888	35
8889	33
8890	48
8891	46
8892	29
8893	42
8894	1
8895	45
8896	25
8897	38
8898	36
8899	17
8900	16
8901	64
8902	31
8903	54
8904	44
8905	26
8906	25
8907	42
8908	64
8909	27
8910	54
8911	14
8912	44
8913	45
8914	35
8915	5
8916	48
8917	35
8918	56
8919	13
8920	31
8921	6
8922	23
8923	23
8924	53
8925	32
8926	28
8927	27
8928	30
8929	43
8930	5
8931	11
8932	6
8933	14
8934	1
8935	31
8936	48
8937	39
8938	17
8939	34
8940	45
8941	24
8942	18
8943	40
8944	18
8945	9
8946	26
8947	39
8948	52
8949	15
8950	42
8951	63
8952	57
8953	41
8954	46
8955	35
8956	22
8957	28
8958	27
8959	42
8960	8
8961	40
8962	24
8963	33
8964	64
8965	26
8966	23
8967	59
8968	49
8969	25
8970	66
8971	16
8972	52
8973	12
8974	51
8975	28
8976	29
8977	67
8978	3
8979	43
8980	38
8981	36
8982	12
8983	65
8984	5
8985	33
8986	33
8987	12
8988	34
8989	5
8990	50
8991	30
8992	12
8993	16
8994	4
8995	11
8996	28
8997	56
8998	39
8999	34
9000	24
9001	12
9002	68
9003	6
9004	52
9005	65
9006	58
9007	20
9008	11
9009	31
9010	21
9011	53
9012	18
9013	12
9014	39
9015	15
9016	36
9017	42
9018	51
9019	22
9020	26
9021	64
9022	17
9023	2
9024	68
9025	43
9026	31
9027	8
9028	4
9029	42
9030	47
9031	16
9032	6
9033	27
9034	14
9035	17
9036	61
9037	35
9038	28
9039	68
9040	4
9041	4
9042	20
9043	39
9044	58
9045	28
9046	29
9047	11
9048	9
9049	19
9050	9
9051	55
9052	17
9053	35
9054	46
9055	55
9056	50
9057	39
9058	56
9059	54
9060	45
9061	50
9062	9
9063	4
9064	37
9065	29
9066	50
9067	30
9068	44
9069	4
9070	62
9071	39
9072	31
9073	52
9074	24
9075	36
9076	33
9077	33
9078	47
9079	47
9080	65
9081	49
9082	7
9083	12
9084	42
9085	39
9086	32
9087	22
9088	33
9089	10
9090	17
9091	27
9092	62
9093	36
9094	67
9095	48
9096	30
9097	44
9098	34
9099	39
9100	20
9101	41
9102	11
9103	12
9104	44
9105	61
9106	66
9107	57
9108	38
9109	15
9110	63
9111	45
9112	19
9113	2
9114	35
9115	2
9116	68
9117	55
9118	57
9119	10
9120	52
9121	27
9122	63
9123	64
9124	3
9125	33
9126	9
9127	57
9128	43
9129	62
9130	37
9131	16
9132	50
9133	41
9134	65
9135	65
9136	15
9137	22
9138	34
9139	3
9140	34
9141	54
9142	11
9143	37
9144	39
9145	1
9146	12
9147	53
9148	18
9149	10
9150	48
9151	25
9152	53
9153	7
9154	23
9155	12
9156	19
9157	35
9158	32
9159	19
9160	56
9161	13
9162	63
9163	23
9164	7
9165	27
9166	36
9167	62
9168	33
9169	58
9170	15
9171	40
9172	66
9173	55
9174	47
9175	25
9176	65
9177	9
9178	32
9179	25
9180	4
9181	38
9182	43
9183	32
9184	41
9185	51
9186	57
9187	3
9188	17
9189	27
9190	35
9191	7
9192	18
9193	34
9194	68
9195	68
9196	5
9197	14
9198	50
9199	32
9200	63
9201	12
9202	6
9203	49
9204	26
9205	46
9206	33
9207	37
9208	17
9209	50
9210	38
9211	54
9212	33
9213	61
9214	62
9215	15
9216	66
9217	44
9218	54
9219	17
9220	48
9221	12
9222	60
9223	3
9224	54
9225	65
9226	47
9227	58
9228	55
9229	11
9230	6
9231	57
9232	20
9233	68
9234	18
9235	22
9236	17
9237	55
9238	30
9239	31
9240	44
9241	14
9242	14
9243	55
9244	57
9245	12
9246	59
9247	16
9248	27
9249	58
9250	65
9251	26
9252	32
9253	11
9254	37
9255	51
9256	2
9257	43
9258	59
9259	29
9260	8
9261	19
9262	23
9263	30
9264	39
9265	20
9266	61
9267	55
9268	36
9269	48
9270	2
9271	24
9272	48
9273	24
9274	41
9275	10
9276	58
9277	62
9278	47
9279	43
9280	55
9281	15
9282	60
9283	3
9284	24
9285	49
9286	54
9287	58
9288	47
9289	52
9290	27
9291	59
9292	59
9293	53
9294	31
9295	50
9296	66
9297	48
9298	64
9299	29
9300	64
9301	48
9302	29
9303	1
9304	42
9305	56
9306	43
9307	57
9308	5
9309	53
9310	58
9311	38
9312	34
9313	34
9314	68
9315	59
9316	8
9317	68
9318	48
9319	23
9320	17
9321	38
9322	11
9323	6
9324	22
9325	56
9326	57
9327	20
9328	16
9329	59
9330	62
9331	19
9332	4
9333	48
9334	15
9335	46
9336	40
9337	47
9338	45
9339	9
9340	50
9341	64
9342	40
9343	16
9344	25
9345	50
9346	47
9347	8
9348	6
9349	42
9350	37
9351	13
9352	48
9353	15
9354	48
9355	38
9356	50
9357	25
9358	34
9359	18
9360	10
9361	12
9362	42
9363	20
9364	65
9365	21
9366	42
9367	44
9368	1
9369	22
9370	17
9371	44
9372	32
9373	65
9374	12
9375	48
9376	63
9377	11
9378	1
9379	10
9380	33
9381	41
9382	61
9383	10
9384	41
9385	15
9386	34
9387	63
9388	67
9389	38
9390	52
9391	28
9392	52
9393	13
9394	6
9395	1
9396	60
9397	10
9398	35
9399	56
9400	50
9401	26
9402	12
9403	51
9404	50
9405	35
9406	33
9407	9
9408	41
9409	35
9410	14
9411	44
9412	54
9413	27
9414	31
9415	24
9416	30
9417	34
9418	27
9419	39
9420	45
9421	58
9422	11
9423	44
9424	29
9425	26
9426	14
9427	12
9428	22
9429	18
9430	9
9431	17
9432	20
9433	15
9434	19
9435	9
9436	16
9437	48
9438	11
9439	44
9440	1
9441	36
9442	28
9443	49
9444	35
9445	22
9446	51
9447	15
9448	5
9449	33
9450	65
9451	22
9452	33
9453	17
9454	15
9455	9
9456	19
9457	66
9458	52
9459	38
9460	8
9461	39
9462	25
9463	32
9464	42
9465	44
9466	6
9467	35
9468	45
9469	28
9470	67
9471	40
9472	32
9473	2
9474	16
9475	8
9476	55
9477	6
9478	12
9479	2
9480	57
9481	59
9482	5
9483	48
9484	67
9485	45
9486	5
9487	14
9488	37
9489	1
9490	17
9491	5
9492	35
9493	4
9494	57
9495	28
9496	25
9497	66
9498	35
9499	36
9500	2
9501	17
9502	28
9503	32
9504	1
9505	23
9506	53
9507	48
9508	50
9509	61
9510	27
9511	60
9512	37
9513	28
9514	25
9515	17
9516	47
9517	38
9518	57
9519	17
9520	44
9521	40
9522	11
9523	53
9524	47
9525	23
9526	50
9527	26
9528	64
9529	52
9530	66
9531	32
9532	37
9533	46
9534	55
9535	1
9536	4
9537	21
9538	13
9539	57
9540	42
9541	13
9542	35
9543	16
9544	40
9545	38
9546	22
9547	9
9548	12
9549	19
9550	56
9551	55
9552	42
9553	35
9554	12
9555	57
9556	60
9557	65
9558	45
9559	5
9560	47
9561	14
9562	28
9563	59
9564	54
9565	51
9566	47
9567	8
9568	47
9569	67
9570	42
9571	16
9572	41
9573	48
9574	43
9575	55
9576	23
9577	59
9578	7
9579	61
9580	65
9581	44
9582	5
9583	24
9584	26
9585	45
9586	5
9587	20
9588	11
9589	58
9590	30
9591	17
9592	65
9593	10
9594	30
9595	45
9596	59
9597	14
9598	48
9599	55
9600	14
9601	2
9602	22
9603	22
9604	24
9605	56
9606	22
9607	48
9608	63
9609	67
9610	58
9611	14
9612	50
9613	28
9614	67
9615	11
9616	4
9617	28
9618	50
9619	8
9620	23
9621	41
9622	5
9623	67
9624	5
9625	38
9626	42
9627	17
9628	23
9629	23
9630	27
9631	56
9632	57
9633	65
9634	1
9635	12
9636	11
9637	49
9638	50
9639	1
9640	56
9641	62
9642	59
9643	39
9644	19
9645	57
9646	11
9647	7
9648	46
9649	55
9650	55
9651	51
9652	35
9653	1
9654	21
9655	25
9656	29
9657	12
9658	20
9659	3
9660	14
9661	52
9662	66
9663	56
9664	31
9665	51
9666	24
9667	18
9668	38
9669	62
9670	55
9671	5
9672	62
9673	28
9674	13
9675	17
9676	55
9677	16
9678	49
9679	25
9680	13
9681	67
9682	25
9683	23
9684	55
9685	63
9686	50
9687	22
9688	44
9689	23
9690	3
9691	57
9692	27
9693	38
9694	28
9695	51
9696	45
9697	68
9698	56
9699	56
9700	35
9701	65
9702	42
9703	2
9704	12
9705	21
9706	1
9707	5
9708	24
9709	4
9710	45
9711	8
9712	56
9713	29
9714	51
9715	20
9716	59
9717	17
9718	48
9719	49
9720	10
9721	1
9722	15
9723	9
9724	2
9725	44
9726	36
9727	47
9728	60
9729	4
9730	19
9731	10
9732	35
9733	44
9734	13
9735	44
9736	22
9737	38
9738	6
9739	21
9740	32
9741	47
9742	64
9743	58
9744	24
9745	15
9746	50
9747	5
9748	21
9749	24
9750	54
9751	2
9752	60
9753	35
9754	35
9755	56
9756	51
9757	62
9758	14
9759	32
9760	37
9761	66
9762	65
9763	36
9764	59
9765	55
9766	48
9767	38
9768	22
9769	43
9770	24
9771	49
9772	55
9773	2
9774	20
9775	20
9776	54
9777	3
9778	20
9779	48
9780	56
9781	39
9782	50
9783	45
9784	66
9785	4
9786	21
9787	33
9788	62
9789	63
9790	29
9791	3
9792	35
9793	45
9794	12
9795	66
9796	67
9797	19
9798	14
9799	12
9800	32
9801	31
9802	60
9803	22
9804	25
9805	5
9806	4
9807	65
9808	37
9809	47
9810	56
9811	31
9812	17
9813	33
9814	34
9815	27
9816	50
9817	16
9818	28
9819	22
9820	28
9821	39
9822	10
9823	17
9824	64
9825	22
9826	31
9827	2
9828	38
9829	59
9830	24
9831	5
9832	31
9833	47
9834	8
9835	8
9836	25
9837	62
9838	10
9839	24
9840	62
9841	45
9842	16
9843	12
9844	55
9845	59
9846	68
9847	47
9848	33
9849	4
9850	43
9851	40
9852	1
9853	55
9854	51
9855	52
9856	48
9857	30
9858	62
9859	3
9860	42
9861	52
9862	48
9863	39
9864	47
9865	59
9866	60
9867	56
9868	55
9869	54
9870	8
9871	41
9872	10
9873	63
9874	39
9875	63
9876	27
9877	29
9878	17
9879	8
9880	38
9881	1
9882	40
9883	24
9884	66
9885	62
9886	25
9887	26
9888	39
9889	3
9890	55
9891	31
9892	53
9893	15
9894	20
9895	60
9896	3
9897	66
9898	60
9899	51
9900	47
9901	5
9902	63
9903	12
9904	3
9905	26
9906	51
9907	39
9908	19
9909	48
9910	56
9911	52
9912	51
9913	36
9914	65
9915	56
9916	1
9917	17
9918	8
9919	45
9920	50
9921	24
9922	33
9923	33
9924	47
9925	10
9926	16
9927	49
9928	30
9929	45
9930	47
9931	5
9932	58
9933	14
9934	56
9935	37
9936	46
9937	50
9938	41
9939	62
9940	65
9941	68
9942	3
9943	19
9944	62
9945	48
9946	63
9947	9
9948	5
9949	37
9950	29
9951	25
9952	33
9953	61
9954	35
9955	16
9956	38
9957	59
9958	68
9959	17
9960	44
9961	2
9962	58
9963	15
9964	22
9965	22
9966	64
9967	58
9968	18
9969	52
9970	19
9971	33
9972	4
9973	45
9974	49
9975	17
9976	48
9977	37
9978	8
9979	27
9980	62
9981	36
9982	31
9983	54
9984	30
9985	46
9986	47
9987	49
9988	6
9989	41
9990	16
9991	47
9992	46
9993	4
9994	41
9995	66
9996	2
9997	65
9998	67
9999	39
