0	542	1
0	552	1
0	866	1
0	978	-1
0	980	1
0	984	1
0	986	-1
1	274	-1
1	536	-1
1	678	1
1	855	1
1	860	-1
1	974	1
1	999	1
2	9	-1
2	754	1
2	783	1
2	860	1
2	872	-1
2	905	1
2	994	-1
3	206	-1
3	339	1
3	478	-1
3	918	-1
3	926	-1
3	977	1
3	997	1
4	510	-1
4	757	-1
4	898	1
4	950	1
4	956	-1
4	991	1
4	996	1
5	214	-1
5	467	1
5	812	1
5	817	-1
5	911	1
5	953	1
5	996	1
6	252	1
6	335	1
6	427	-1
6	923	1
6	983	-1
6	991	1
6	999	1
7	177	1
7	610	1
7	930	-1
7	966	-1
7	973	1
7	988	-1
7	998	-1
8	696	-1
8	861	1
8	886	-1
8	900	1
8	907	-1
8	925	1
8	975	-1
9	604	-1
9	668	-1
9	700	1
9	880	-1
9	893	-1
9	981	1
9	990	1
10	662	1
10	715	1
10	777	1
10	788	-1
10	940	-1
10	985	1
10	989	1
11	378	1
11	406	1
11	875	-1
11	924	1
11	964	1
11	996	1
11	997	-1
12	479	1
12	618	1
12	890	1
12	940	1
12	982	1
12	989	1
12	992	1
13	428	1
13	856	1
13	910	1
13	928	1
13	958	-1
13	988	1
13	994	-1
14	552	-1
14	602	-1
14	791	-1
14	842	1
14	916	1
14	925	-1
14	954	1
15	532	1
15	818	-1
15	821	-1
15	863	-1
15	867	-1
15	901	-1
15	999	1
16	287	-1
16	756	1
16	799	1
16	893	1
16	951	1
16	985	1
16	995	-1
17	623	1
17	922	1
17	948	-1
17	963	1
17	970	1
17	988	1
17	991	-1
18	763	-1
18	913	1
18	942	-1
18	946	1
18	957	1
18	987	1
18	997	-1
19	141	-1
19	624	1
19	790	-1
19	939	1
19	953	-1
19	964	1
19	981	1
20	183	-1
20	723	1
20	845	1
20	877	1
20	954	1
20	968	1
20	998	-1
21	643	-1
21	748	-1
21	813	-1
21	909	-1
21	923	1
21	952	-1
21	999	1
22	327	1
22	906	-1
22	915	-1
22	937	-1
22	982	1
22	994	-1
22	995	1
23	143	1
23	446	-1
23	516	1
23	625	-1
23	881	1
23	974	-1
23	978	1
24	381	-1
24	554	1
24	704	1
24	946	-1
24	972	-1
24	974	-1
24	979	1
25	180	1
25	297	-1
25	894	1
25	958	1
25	973	-1
25	981	1
25	985	1
26	101	-1
26	230	1
26	927	1
26	947	-1
26	985	-1
26	996	1
26	997	-1
27	425	1
27	752	-1
27	899	-1
27	943	-1
27	974	1
27	978	-1
27	986	1
28	465	-1
28	671	1
28	847	-1
28	926	-1
28	974	-1
28	991	1
28	999	-1
29	157	-1
29	829	1
29	870	1
29	958	-1
29	988	-1
29	989	-1
29	990	1
30	686	1
30	793	1
30	848	1
30	859	-1
30	885	1
30	932	1
30	986	1
31	443	-1
31	522	1
31	818	-1
31	819	1
31	895	1
31	914	1
31	986	-1
32	324	-1
32	604	1
32	878	1
32	966	1
32	983	-1
32	989	1
32	996	-1
33	683	1
33	808	1
33	820	1
33	873	1
33	970	1
33	978	-1
33	996	1
34	211	1
34	693	-1
34	871	1
34	967	-1
34	992	-1
34	997	-1
34	998	1
35	89	1
35	386	1
35	460	-1
35	548	-1
35	935	-1
35	961	-1
35	997	-1
36	124	1
36	857	-1
36	880	1
36	898	1
36	911	-1
36	912	-1
36	919	-1
37	6	-1
37	163	-1
37	572	-1
37	596	1
37	614	-1
37	675	1
37	941	-1
38	605	-1
38	760	-1
38	793	1
38	847	1
38	969	-1
38	984	1
38	993	-1
39	65	-1
39	353	1
39	486	-1
39	490	1
39	508	1
39	704	-1
39	997	-1
40	470	-1
40	639	1
40	688	1
40	820	-1
40	855	-1
40	906	-1
40	999	1
41	273	1
41	617	1
41	690	-1
41	751	1
41	894	-1
41	895	-1
41	932	-1
42	476	-1
42	690	1
42	890	1
42	904	-1
42	928	-1
42	951	-1
42	981	1
43	50	-1
43	739	-1
43	834	1
43	956	-1
43	959	1
43	996	-1
43	997	-1
44	675	1
44	865	1
44	870	1
44	893	-1
44	995	-1
44	997	1
44	998	-1
45	39	-1
45	69	1
45	849	-1
45	917	1
45	955	-1
45	973	-1
45	998	1
46	333	-1
46	387	-1
46	651	1
46	810	1
46	941	1
46	946	-1
46	969	-1
47	661	1
47	818	1
47	941	-1
47	954	-1
47	961	1
47	989	-1
47	997	1
48	22	1
48	289	-1
48	381	1
48	869	1
48	953	-1
48	957	1
48	986	1
49	297	1
49	697	1
49	718	1
49	918	-1
49	963	-1
49	996	1
49	999	-1
50	705	1
50	762	1
50	791	-1
50	960	1
50	981	-1
50	982	1
50	995	1
51	333	1
51	735	-1
51	754	1
51	921	1
51	934	1
51	968	-1
51	972	1
52	783	-1
52	856	-1
52	914	-1
52	970	-1
52	971	1
52	976	1
52	996	1
53	29	1
53	632	-1
53	651	1
53	836	-1
53	926	-1
53	958	1
53	966	1
54	510	-1
54	738	1
54	903	1
54	935	1
54	983	1
54	989	-1
54	991	-1
55	202	1
55	408	1
55	571	1
55	823	-1
55	978	1
55	987	-1
55	997	-1
56	109	1
56	428	1
56	710	1
56	864	1
56	967	-1
56	972	-1
56	998	1
57	793	1
57	902	-1
57	903	1
57	969	1
57	970	-1
57	983	1
57	998	1
58	221	-1
58	376	-1
58	419	1
58	465	1
58	734	-1
58	855	1
58	955	1
59	132	1
59	325	1
59	754	-1
59	899	-1
59	946	-1
59	977	-1
59	987	1
60	515	1
60	545	1
60	691	-1
60	831	1
60	930	-1
60	955	-1
60	996	-1
61	42	-1
61	58	1
61	255	-1
61	476	-1
61	899	1
61	938	-1
61	998	1
62	508	-1
62	655	1
62	897	1
62	898	-1
62	900	-1
62	933	-1
62	971	-1
63	633	-1
63	686	-1
63	931	1
63	945	1
63	959	1
63	979	1
63	987	1
64	219	1
64	690	-1
64	908	-1
64	945	1
64	946	1
64	982	1
64	986	1
65	193	-1
65	372	-1
65	398	1
65	530	-1
65	677	1
65	961	1
65	997	1
66	275	-1
66	367	-1
66	651	1
66	836	1
66	855	1
66	891	-1
66	944	1
67	413	1
67	716	1
67	719	-1
67	921	-1
67	977	-1
67	979	1
67	981	-1
68	160	1
68	619	-1
68	726	-1
68	887	1
68	931	1
68	959	-1
68	995	1
69	218	1
69	308	-1
69	332	1
69	572	1
69	670	1
69	928	1
69	929	1
70	141	-1
70	303	-1
70	933	-1
70	967	-1
70	985	-1
70	989	-1
70	994	-1
71	208	1
71	667	-1
71	900	-1
71	929	1
71	931	-1
71	954	1
71	980	1
72	419	-1
72	449	1
72	480	1
72	589	-1
72	767	1
72	961	-1
72	989	1
73	76	-1
73	469	1
73	511	1
73	544	-1
73	768	-1
73	925	1
73	993	1
74	495	1
74	624	-1
74	813	-1
74	907	1
74	910	1
74	938	1
74	967	-1
75	98	1
75	608	1
75	936	-1
75	947	-1
75	953	-1
75	977	1
75	992	1
76	584	1
76	634	-1
76	695	1
76	852	1
76	866	1
76	941	1
76	990	-1
77	108	1
77	790	-1
77	861	-1
77	871	-1
77	930	1
77	947	1
77	996	1
78	602	-1
78	662	-1
78	669	-1
78	868	1
78	941	1
78	979	1
78	985	-1
79	602	1
79	689	1
79	776	-1
79	794	-1
79	871	-1
79	874	1
79	982	1
80	853	-1
80	913	-1
80	920	-1
80	925	-1
80	927	1
80	970	1
80	991	-1
81	583	-1
81	594	1
81	675	1
81	833	-1
81	857	-1
81	963	1
81	992	1
82	798	-1
82	864	1
82	891	1
82	954	1
82	980	-1
82	992	-1
82	997	-1
83	258	-1
83	680	-1
83	856	1
83	869	-1
83	965	1
83	973	-1
83	984	1
84	30	-1
84	292	1
84	376	-1
84	585	-1
84	642	-1
84	939	1
84	961	1
85	97	1
85	379	-1
85	434	1
85	738	1
85	918	1
85	974	-1
85	975	-1
86	522	-1
86	712	1
86	785	1
86	841	-1
86	983	1
86	993	-1
86	998	-1
87	403	-1
87	850	-1
87	940	1
87	982	-1
87	986	-1
87	992	1
87	996	1
88	472	1
88	528	-1
88	773	-1
88	864	1
88	925	1
88	944	-1
88	962	-1
89	615	1
89	748	1
89	935	-1
89	945	1
89	986	1
89	995	-1
89	996	1
90	534	-1
90	611	1
90	736	-1
90	836	1
90	881	-1
90	993	1
90	994	1
91	40	-1
91	117	1
91	386	-1
91	405	1
91	770	1
91	826	-1
91	961	1
92	231	1
92	465	1
92	672	-1
92	724	-1
92	908	1
92	945	-1
92	983	-1
93	77	1
93	131	-1
93	433	1
93	496	1
93	857	1
93	970	1
93	991	1
94	99	1
94	256	-1
94	509	-1
94	625	1
94	697	-1
94	759	1
94	931	1
95	68	-1
95	174	1
95	481	-1
95	917	1
95	918	1
95	976	-1
95	984	1
96	740	-1
96	844	1
96	925	1
96	962	1
96	967	-1
96	968	1
96	994	1
97	332	1
97	368	-1
97	466	1
97	681	1
97	716	-1
97	967	1
97	976	-1
98	264	1
98	700	-1
98	901	1
98	932	1
98	979	-1
98	992	1
98	997	-1
99	14	-1
99	801	1
99	804	-1
99	866	1
99	941	1
99	974	-1
99	999	-1
100	92	1
100	103	-1
100	827	1
100	894	1
100	939	-1
100	990	1
100	996	-1
101	271	1
101	400	-1
101	449	1
101	575	1
101	650	-1
101	958	1
101	978	-1
102	27	1
102	428	-1
102	498	-1
102	771	1
102	979	1
102	993	1
102	999	1
103	147	1
103	227	1
103	745	1
103	938	-1
103	949	1
103	981	1
103	983	-1
104	312	-1
104	766	-1
104	931	-1
104	951	1
104	978	-1
104	992	1
104	997	1
105	358	1
105	436	-1
105	455	1
105	795	-1
105	834	-1
105	940	-1
105	998	1
106	245	1
106	689	1
106	839	1
106	842	-1
106	959	-1
106	967	1
106	995	1
107	118	-1
107	487	1
107	851	1
107	888	-1
107	909	1
107	936	1
107	998	-1
108	543	1
108	598	-1
108	904	1
108	978	-1
108	988	1
108	989	-1
108	991	-1
109	235	-1
109	336	1
109	416	1
109	926	-1
109	963	-1
109	996	-1
109	997	1
110	609	1
110	889	-1
110	916	1
110	954	1
110	987	-1
110	993	1
110	994	1
111	258	1
111	718	1
111	777	1
111	846	1
111	893	-1
111	947	1
111	993	-1
112	674	1
112	806	-1
112	882	1
112	924	1
112	952	1
112	964	1
112	985	-1
113	215	1
113	523	-1
113	568	1
113	698	-1
113	849	1
113	955	-1
113	997	-1
114	448	-1
114	938	1
114	953	1
114	971	-1
114	980	-1
114	988	1
114	996	1
115	51	-1
115	102	1
115	631	-1
115	907	-1
115	916	-1
115	961	1
115	994	1
116	688	-1
116	697	1
116	787	1
116	827	-1
116	963	1
116	988	1
116	996	1
117	463	1
117	704	1
117	884	-1
117	897	-1
117	924	1
117	988	-1
117	996	1
118	21	-1
118	915	1
118	927	-1
118	988	1
118	990	-1
118	991	1
118	996	1
119	567	1
119	775	-1
119	784	-1
119	872	1
119	969	-1
119	989	-1
119	997	1
120	666	-1
120	788	1
120	800	1
120	922	1
120	963	1
120	987	-1
120	991	1
121	112	-1
121	455	-1
121	503	-1
121	724	-1
121	790	1
121	842	1
121	860	1
122	83	1
122	710	1
122	778	-1
122	886	1
122	909	1
122	932	-1
122	972	1
123	236	-1
123	311	1
123	569	-1
123	711	-1
123	723	-1
123	876	-1
123	979	-1
124	329	1
124	846	1
124	930	1
124	937	1
124	971	-1
124	991	1
124	995	1
125	389	1
125	504	-1
125	514	-1
125	681	1
125	749	1
125	907	1
125	948	1
126	201	-1
126	692	-1
126	728	1
126	798	-1
126	907	1
126	967	1
126	969	1
127	204	-1
127	475	1
127	502	1
127	739	1
127	807	1
127	840	-1
127	991	-1
128	87	-1
128	765	1
128	917	1
128	924	-1
128	936	1
128	988	1
128	998	1
129	96	-1
129	135	-1
129	790	-1
129	872	1
129	975	1
129	985	-1
129	996	-1
130	232	-1
130	800	-1
130	804	-1
130	880	-1
130	915	1
130	991	1
130	996	-1
131	584	1
131	720	-1
131	868	1
131	955	1
131	965	1
131	974	1
131	978	1
132	801	1
132	861	1
132	902	1
132	917	-1
132	961	1
132	993	-1
132	995	1
133	538	1
133	747	-1
133	807	1
133	857	1
133	956	-1
133	957	1
133	968	1
134	600	-1
134	654	-1
134	804	-1
134	832	1
134	835	-1
134	949	1
134	955	-1
135	377	1
135	595	-1
135	806	-1
135	935	1
135	977	-1
135	984	1
135	989	-1
136	915	-1
136	917	1
136	934	1
136	935	1
136	969	-1
136	991	-1
136	995	1
137	60	1
137	210	1
137	312	-1
137	839	-1
137	911	1
137	959	-1
137	971	-1
138	29	1
138	672	-1
138	691	1
138	806	-1
138	905	-1
138	966	1
138	989	1
139	23	1
139	40	1
139	404	1
139	561	1
139	943	-1
139	946	-1
139	996	1
140	356	1
140	513	1
140	729	1
140	771	-1
140	920	-1
140	928	-1
140	957	-1
141	60	-1
141	657	1
141	929	1
141	966	1
141	981	1
141	989	-1
141	993	-1
142	606	-1
142	967	-1
142	982	1
142	986	1
142	987	-1
142	995	-1
142	998	1
143	546	-1
143	659	1
143	844	-1
143	863	1
143	940	-1
143	949	1
143	955	1
144	418	1
144	684	1
144	826	-1
144	898	1
144	901	-1
144	958	-1
144	994	-1
145	434	-1
145	573	1
145	646	1
145	936	1
145	967	1
145	995	-1
145	998	1
146	3	1
146	361	1
146	473	-1
146	621	1
146	811	1
146	834	-1
146	951	-1
147	360	1
147	371	1
147	446	1
147	783	-1
147	958	-1
147	979	-1
147	994	-1
148	537	1
148	538	-1
148	638	1
148	751	-1
148	781	1
148	908	1
148	953	-1
149	432	-1
149	444	1
149	501	-1
149	513	-1
149	694	1
149	862	1
149	982	-1
150	173	1
150	500	-1
150	679	1
150	903	1
150	918	1
150	933	-1
150	973	1
151	574	-1
151	774	1
151	876	1
151	917	-1
151	974	-1
151	985	1
151	990	1
152	254	-1
152	858	1
152	889	-1
152	927	1
152	933	-1
152	938	1
152	985	-1
153	311	-1
153	932	1
153	940	1
153	966	1
153	974	1
153	977	1
153	992	-1
154	243	1
154	423	1
154	569	1
154	815	1
154	905	1
154	954	1
154	962	1
155	445	-1
155	726	-1
155	814	-1
155	910	1
155	974	-1
155	994	-1
155	998	1
156	686	1
156	894	-1
156	943	1
156	958	-1
156	977	1
156	994	-1
156	997	1
157	53	1
157	547	1
157	707	-1
157	843	1
157	847	1
157	980	1
157	993	1
158	292	1
158	325	1
158	645	-1
158	919	-1
158	946	1
158	986	-1
158	987	1
159	151	1
159	525	-1
159	598	1
159	958	1
159	959	1
159	985	-1
159	989	-1
160	768	1
160	917	1
160	924	-1
160	942	1
160	956	1
160	987	1
160	995	1
161	385	-1
161	494	1
161	596	-1
161	879	1
161	979	-1
161	981	1
161	990	1
162	270	1
162	440	-1
162	493	-1
162	535	-1
162	992	-1
162	996	-1
162	997	1
163	160	-1
163	627	1
163	673	1
163	700	-1
163	869	-1
163	962	-1
163	992	1
164	579	1
164	581	-1
164	684	1
164	798	-1
164	799	1
164	983	-1
164	989	1
165	771	1
165	892	1
165	894	-1
165	945	-1
165	980	1
165	994	1
165	995	-1
166	331	-1
166	570	-1
166	885	1
166	912	-1
166	990	-1
166	997	1
166	999	-1
167	33	-1
167	804	1
167	966	1
167	985	1
167	989	1
167	990	-1
167	996	-1
168	238	-1
168	825	-1
168	865	1
168	911	-1
168	922	-1
168	960	-1
168	997	1
169	117	1
169	443	1
169	555	1
169	828	1
169	952	-1
169	965	1
169	971	1
170	414	-1
170	652	1
170	793	1
170	912	-1
170	923	-1
170	969	1
170	988	-1
171	317	1
171	873	1
171	947	1
171	953	-1
171	961	-1
171	964	1
171	975	1
172	413	-1
172	458	-1
172	627	1
172	732	1
172	835	1
172	841	1
172	958	-1
173	579	-1
173	745	-1
173	781	-1
173	856	1
173	899	1
173	995	-1
173	998	1
174	34	-1
174	82	1
174	226	1
174	298	1
174	771	1
174	952	-1
174	959	-1
175	747	-1
175	962	-1
175	964	-1
175	975	-1
175	991	1
175	993	1
175	998	-1
176	844	-1
176	960	1
176	966	1
176	974	1
176	979	1
176	985	-1
176	995	-1
177	302	1
177	729	1
177	934	1
177	973	1
177	976	-1
177	981	-1
177	999	-1
178	839	1
178	869	1
178	889	1
178	902	1
178	954	-1
178	960	1
178	991	-1
179	100	-1
179	116	-1
179	881	-1
179	914	-1
179	926	1
179	969	1
179	990	1
180	812	1
180	829	1
180	878	1
180	966	1
180	972	-1
180	975	1
180	985	1
181	751	1
181	881	-1
181	940	1
181	977	1
181	979	-1
181	995	-1
181	997	1
182	794	1
182	840	1
182	861	1
182	875	1
182	923	-1
182	982	1
182	997	-1
183	76	1
183	780	-1
183	832	-1
183	912	-1
183	933	-1
183	944	1
183	999	-1
184	534	1
184	611	1
184	648	1
184	694	-1
184	710	-1
184	717	-1
184	979	1
185	460	1
185	587	-1
185	670	1
185	837	-1
185	892	-1
185	983	-1
185	998	1
186	124	1
186	265	1
186	369	-1
186	678	1
186	835	1
186	958	-1
186	987	-1
187	496	-1
187	738	1
187	845	-1
187	941	1
187	959	-1
187	973	-1
187	999	1
188	421	-1
188	531	1
188	655	1
188	848	-1
188	912	1
188	922	-1
188	976	1
189	158	-1
189	689	1
189	752	1
189	961	-1
189	982	1
189	992	-1
189	995	1
190	820	1
190	845	-1
190	887	-1
190	892	1
190	900	-1
190	945	-1
190	993	1
191	212	1
191	364	1
191	551	-1
191	558	-1
191	798	-1
191	957	-1
191	973	1
192	874	1
192	876	-1
192	882	-1
192	900	-1
192	960	1
192	982	1
192	987	1
193	204	-1
193	478	1
193	620	-1
193	786	1
193	889	1
193	982	-1
193	996	1
194	68	1
194	195	1
194	262	-1
194	931	-1
194	982	-1
194	986	-1
194	987	1
195	556	-1
195	837	-1
195	869	1
195	882	-1
195	982	1
195	995	-1
195	996	-1
196	731	1
196	738	-1
196	748	1
196	905	-1
196	927	-1
196	941	1
196	965	-1
197	228	1
197	713	1
197	795	-1
197	816	-1
197	913	-1
197	939	1
197	986	-1
198	75	-1
198	371	1
198	690	1
198	954	-1
198	981	1
198	988	-1
198	990	1
199	528	1
199	663	1
199	805	-1
199	866	-1
199	898	-1
199	949	1
199	999	1
200	635	1
200	655	-1
200	902	1
200	909	-1
200	954	-1
200	987	1
200	995	-1
201	545	-1
201	636	-1
201	920	-1
201	945	1
201	956	1
201	957	1
201	987	1
202	172	1
202	619	1
202	657	-1
202	744	1
202	944	1
202	967	1
202	980	-1
203	41	-1
203	695	1
203	708	1
203	851	1
203	982	1
203	984	-1
203	986	1
204	113	1
204	454	1
204	592	1
204	802	-1
204	893	1
204	956	-1
204	991	-1
205	415	1
205	637	1
205	906	1
205	954	1
205	980	1
205	994	1
205	995	-1
206	426	-1
206	750	-1
206	845	1
206	866	1
206	978	-1
206	979	1
206	999	1
207	572	1
207	589	1
207	803	-1
207	949	-1
207	965	-1
207	972	-1
207	976	-1
208	257	1
208	600	1
208	747	1
208	952	-1
208	954	-1
208	968	-1
208	993	1
209	432	1
209	597	-1
209	833	1
209	910	1
209	959	-1
209	983	1
209	995	-1
210	713	-1
210	843	-1
210	848	-1
210	938	1
210	950	1
210	976	1
210	997	1
211	36	-1
211	899	1
211	935	1
211	944	-1
211	969	1
211	973	-1
211	994	-1
212	150	1
212	363	-1
212	829	-1
212	847	1
212	908	-1
212	930	1
212	967	-1
213	661	1
213	911	-1
213	912	1
213	953	-1
213	970	1
213	977	-1
213	997	-1
214	808	-1
214	823	1
214	878	-1
214	881	1
214	925	-1
214	978	-1
214	990	1
215	399	-1
215	723	-1
215	731	-1
215	811	-1
215	960	-1
215	977	1
215	992	1
216	756	1
216	853	1
216	940	1
216	942	1
216	958	-1
216	992	1
216	999	-1
217	100	1
217	796	1
217	866	-1
217	935	1
217	955	-1
217	958	1
217	990	1
218	190	-1
218	566	1
218	801	-1
218	897	1
218	915	-1
218	993	1
218	994	1
219	343	1
219	594	-1
219	812	1
219	906	1
219	946	1
219	986	-1
219	992	-1
220	94	1
220	625	1
220	787	-1
220	807	-1
220	809	-1
220	891	1
220	992	1
221	406	1
221	480	1
221	767	1
221	962	-1
221	985	1
221	987	-1
221	989	1
222	507	1
222	821	1
222	830	1
222	846	1
222	928	-1
222	940	-1
222	978	-1
223	273	-1
223	293	1
223	594	1
223	673	-1
223	898	1
223	992	-1
223	999	1
224	539	-1
224	912	1
224	925	-1
224	953	1
224	976	1
224	984	-1
224	988	1
225	107	-1
225	123	1
225	864	-1
225	900	1
225	962	-1
225	975	1
225	996	-1
226	795	1
226	872	1
226	945	-1
226	975	1
226	986	-1
226	988	-1
226	994	1
227	280	-1
227	413	1
227	721	1
227	944	-1
227	958	1
227	981	-1
227	990	1
228	797	1
228	879	-1
228	904	-1
228	924	-1
228	947	1
228	970	1
228	985	-1
229	77	1
229	536	1
229	764	-1
229	773	1
229	937	1
229	953	1
229	988	-1
230	336	-1
230	702	-1
230	898	1
230	952	1
230	982	1
230	988	1
230	991	1
231	242	1
231	388	-1
231	682	-1
231	847	1
231	936	1
231	965	1
231	998	1
232	418	-1
232	441	-1
232	502	-1
232	964	-1
232	985	1
232	989	-1
232	991	-1
233	388	-1
233	445	1
233	739	1
233	931	1
233	982	1
233	986	1
233	996	-1
234	629	1
234	630	1
234	914	-1
234	920	1
234	945	-1
234	960	-1
234	995	1
235	692	-1
235	800	-1
235	944	1
235	978	1
235	990	-1
235	998	1
235	999	1
236	288	1
236	792	-1
236	803	-1
236	871	1
236	973	1
236	991	-1
236	998	1
237	272	1
237	768	-1
237	822	-1
237	858	1
237	929	1
237	967	1
237	969	1
238	205	1
238	485	1
238	497	1
238	882	-1
238	988	-1
238	994	1
238	998	-1
239	56	-1
239	491	1
239	892	-1
239	913	1
239	927	1
239	988	-1
239	998	-1
240	424	1
240	674	1
240	706	1
240	819	1
240	838	1
240	948	1
240	974	1
241	890	-1
241	894	1
241	926	-1
241	933	1
241	966	1
241	981	1
241	997	-1
242	722	1
242	760	-1
242	953	-1
242	965	1
242	969	1
242	998	-1
242	999	-1
243	93	-1
243	479	1
243	684	-1
243	809	1
243	860	1
243	929	1
243	972	1
244	700	1
244	846	-1
244	933	1
244	989	1
244	990	1
244	997	-1
244	998	-1
245	194	-1
245	595	-1
245	725	-1
245	902	1
245	932	-1
245	959	1
245	960	1
246	505	-1
246	773	-1
246	791	1
246	815	-1
246	872	1
246	956	-1
246	972	1
247	509	-1
247	665	1
247	801	1
247	921	-1
247	945	1
247	995	-1
247	996	-1
248	157	-1
248	238	1
248	569	1
248	864	1
248	911	-1
248	994	1
248	997	-1
249	350	1
249	837	-1
249	855	1
249	912	-1
249	948	-1
249	977	1
249	999	-1
250	115	1
250	349	-1
250	427	1
250	527	1
250	843	1
250	988	-1
250	993	1
251	529	-1
251	758	1
251	932	1
251	956	-1
251	962	-1
251	977	1
251	997	-1
252	281	-1
252	335	1
252	644	1
252	913	-1
252	941	-1
252	963	-1
252	977	-1
253	263	1
253	741	-1
253	783	1
253	900	1
253	954	1
253	977	-1
253	994	1
254	339	1
254	398	-1
254	503	1
254	709	-1
254	953	1
254	963	1
254	988	1
255	320	1
255	757	1
255	928	-1
255	935	1
255	948	-1
255	996	-1
255	997	1
256	331	-1
256	737	-1
256	761	-1
256	893	1
256	951	-1
256	953	-1
256	992	1
257	613	1
257	747	1
257	925	1
257	963	-1
257	972	1
257	986	-1
257	987	1
258	318	-1
258	698	1
258	913	1
258	937	1
258	944	-1
258	971	1
258	991	1
259	55	1
259	711	-1
259	810	1
259	825	1
259	978	1
259	994	1
259	995	-1
260	830	-1
260	853	1
260	915	-1
260	934	-1
260	967	1
260	993	1
260	996	-1
261	319	1
261	574	1
261	654	-1
261	833	-1
261	846	1
261	849	-1
261	991	1
262	750	-1
262	823	1
262	931	-1
262	956	1
262	986	1
262	988	-1
262	995	-1
263	650	1
263	779	-1
263	892	1
263	907	1
263	962	1
263	968	-1
263	972	1
264	326	-1
264	758	1
264	761	-1
264	776	1
264	927	1
264	977	1
264	997	1
265	802	1
265	860	-1
265	910	-1
265	911	1
265	923	1
265	942	-1
265	971	-1
266	486	1
266	526	-1
266	748	-1
266	867	1
266	905	1
266	975	1
266	978	-1
267	213	1
267	617	-1
267	660	1
267	708	-1
267	857	1
267	948	1
267	996	1
268	95	1
268	128	1
268	163	-1
268	237	1
268	850	-1
268	872	-1
268	995	1
269	866	1
269	966	-1
269	974	1
269	975	-1
269	979	-1
269	983	-1
269	999	-1
270	31	-1
270	723	1
270	758	1
270	848	1
270	903	-1
270	970	-1
270	992	-1
271	42	1
271	597	1
271	778	1
271	804	1
271	881	1
271	964	-1
271	990	1
272	207	1
272	358	1
272	390	-1
272	732	1
272	911	-1
272	920	-1
272	988	-1
273	39	1
273	259	1
273	794	-1
273	944	1
273	988	-1
273	996	-1
273	998	-1
274	138	1
274	575	1
274	639	-1
274	951	-1
274	958	1
274	989	1
274	998	1
275	521	-1
275	616	-1
275	694	1
275	766	1
275	933	-1
275	989	1
275	990	-1
276	88	1
276	402	-1
276	429	1
276	439	-1
276	784	-1
276	916	1
276	929	1
277	54	1
277	701	1
277	934	-1
277	968	-1
277	979	-1
277	984	-1
277	998	1
278	176	1
278	221	1
278	669	-1
278	767	1
278	933	1
278	956	1
278	989	1
279	153	-1
279	247	1
279	334	1
279	650	1
279	884	1
279	986	1
279	995	-1
280	162	1
280	309	-1
280	571	-1
280	751	-1
280	900	-1
280	992	1
280	994	-1
281	148	-1
281	612	-1
281	752	1
281	874	1
281	945	-1
281	959	1
281	986	-1
282	787	1
282	914	-1
282	937	1
282	962	-1
282	964	-1
282	974	-1
282	991	1
283	156	1
283	500	1
283	680	1
283	885	1
283	916	-1
283	943	-1
283	982	-1
284	458	1
284	828	-1
284	933	-1
284	954	1
284	981	-1
284	985	1
284	999	1
285	135	-1
285	494	-1
285	743	-1
285	944	-1
285	967	1
285	973	1
285	988	-1
286	8	1
286	631	1
286	841	-1
286	877	1
286	882	-1
286	972	1
286	994	1
287	232	-1
287	826	1
287	851	-1
287	889	-1
287	951	1
287	983	-1
287	990	-1
288	86	1
288	197	-1
288	736	1
288	795	-1
288	880	-1
288	914	1
288	967	1
289	152	1
289	250	1
289	559	-1
289	897	1
289	904	1
289	950	1
289	988	1
290	281	1
290	685	1
290	906	1
290	944	-1
290	957	1
290	982	1
290	986	1
291	104	1
291	267	-1
291	639	1
291	649	-1
291	845	1
291	955	1
291	999	-1
292	374	1
292	587	-1
292	874	-1
292	945	1
292	956	1
292	982	-1
292	986	1
293	200	-1
293	291	1
293	499	1
293	646	-1
293	648	1
293	688	1
293	949	-1
294	165	1
294	251	-1
294	614	1
294	755	-1
294	972	-1
294	994	1
294	997	-1
295	251	1
295	502	1
295	617	1
295	818	1
295	879	-1
295	960	-1
295	961	1
296	515	1
296	796	-1
296	816	1
296	873	1
296	905	-1
296	939	1
296	991	1
297	314	1
297	378	1
297	484	-1
297	876	1
297	887	1
297	956	-1
297	991	1
298	359	1
298	447	-1
298	762	1
298	791	1
298	954	1
298	956	-1
298	993	1
299	313	1
299	608	-1
299	758	1
299	928	1
299	944	1
299	955	1
299	998	-1
300	145	1
300	215	-1
300	769	-1
300	785	1
300	814	1
300	859	-1
300	998	1
301	81	-1
301	118	1
301	430	1
301	915	1
301	947	-1
301	948	1
301	963	-1
302	321	-1
302	546	-1
302	590	1
302	657	-1
302	668	-1
302	967	1
302	998	-1
303	385	-1
303	619	-1
303	658	1
303	835	1
303	937	-1
303	963	1
303	971	1
304	268	1
304	671	-1
304	729	1
304	908	1
304	918	-1
304	986	-1
304	993	-1
305	59	-1
305	611	-1
305	760	1
305	842	1
305	844	1
305	919	-1
305	989	-1
306	17	-1
306	316	1
306	400	1
306	565	1
306	676	-1
306	817	-1
306	952	-1
307	140	-1
307	417	1
307	761	1
307	768	1
307	875	1
307	946	1
307	997	1
308	295	1
308	677	1
308	776	1
308	849	1
308	943	1
308	966	-1
308	970	-1
309	591	-1
309	592	1
309	621	1
309	693	1
309	919	1
309	977	-1
309	998	-1
310	631	-1
310	821	1
310	979	1
310	988	-1
310	989	1
310	997	-1
310	999	1
311	493	-1
311	495	1
311	960	-1
311	972	1
311	975	-1
311	987	-1
311	993	-1
312	122	1
312	647	1
312	824	1
312	919	1
312	936	-1
312	974	-1
312	976	1
313	434	1
313	591	1
313	671	1
313	888	-1
313	957	-1
313	961	-1
313	999	1
314	169	1
314	322	1
314	463	1
314	637	-1
314	772	1
314	988	1
314	996	1
315	128	-1
315	638	-1
315	786	1
315	862	-1
315	900	-1
315	957	-1
315	987	1
316	84	1
316	533	-1
316	679	1
316	915	-1
316	961	1
316	996	1
316	998	-1
317	209	1
317	489	1
317	527	-1
317	531	1
317	676	1
317	952	-1
317	997	-1
318	486	1
318	802	1
318	848	-1
318	905	-1
318	972	-1
318	980	1
318	993	-1
319	130	1
319	911	1
319	950	1
319	952	1
319	976	1
319	981	-1
319	992	-1
320	397	-1
320	908	1
320	928	1
320	936	-1
320	965	1
320	984	1
320	988	1
321	334	-1
321	742	1
321	869	1
321	949	-1
321	957	1
321	987	1
321	995	1
322	812	1
322	915	-1
322	934	1
322	952	1
322	966	1
322	971	1
322	977	1
323	459	1
323	727	1
323	784	1
323	785	-1
323	920	-1
323	936	1
323	980	-1
324	13	-1
324	761	1
324	801	1
324	856	-1
324	889	1
324	987	1
324	993	-1
325	18	1
325	507	-1
325	717	1
325	851	-1
325	942	1
325	973	-1
325	995	-1
326	409	1
326	418	1
326	916	1
326	929	1
326	963	1
326	972	1
326	992	-1
327	178	1
327	874	1
327	885	-1
327	902	-1
327	965	-1
327	982	1
327	985	-1
328	103	-1
328	582	-1
328	613	1
328	891	-1
328	972	1
328	983	-1
328	988	-1
329	493	1
329	911	1
329	930	1
329	948	1
329	968	-1
329	988	1
329	996	1
330	169	-1
330	355	1
330	874	-1
330	956	-1
330	959	-1
330	960	1
330	987	1
331	605	1
331	649	-1
331	756	1
331	916	-1
331	932	1
331	945	-1
331	981	-1
332	911	-1
332	936	-1
332	966	-1
332	967	1
332	975	-1
332	983	-1
332	984	-1
333	637	-1
333	850	-1
333	864	1
333	868	-1
333	903	-1
333	980	1
333	994	-1
334	366	1
334	433	-1
334	834	1
334	945	1
334	949	-1
334	982	1
334	993	-1
335	43	-1
335	580	-1
335	755	1
335	949	1
335	974	1
335	992	-1
335	999	1
336	596	1
336	687	-1
336	714	1
336	848	-1
336	865	1
336	956	1
336	990	-1
337	110	1
337	242	-1
337	736	1
337	908	1
337	977	-1
337	981	-1
337	984	1
338	706	-1
338	726	1
338	899	1
338	923	-1
338	964	-1
338	973	1
338	998	1
339	87	1
339	686	-1
339	819	1
339	833	-1
339	961	1
339	973	-1
339	978	-1
340	155	-1
340	300	1
340	468	1
340	564	1
340	937	-1
340	955	1
340	979	1
341	33	1
341	912	1
341	919	1
341	924	1
341	980	-1
341	988	1
341	996	1
342	723	1
342	728	-1
342	753	1
342	781	-1
342	809	1
342	836	1
342	910	-1
343	279	1
343	425	-1
343	834	1
343	837	1
343	942	1
343	986	-1
343	995	1
344	392	1
344	456	-1
344	857	-1
344	922	1
344	964	1
344	970	1
344	996	1
345	362	1
345	849	1
345	905	1
345	925	1
345	962	1
345	982	-1
345	998	-1
346	504	-1
346	751	-1
346	764	1
346	870	-1
346	882	1
346	939	-1
346	948	1
347	57	1
347	414	-1
347	784	1
347	799	-1
347	984	1
347	988	-1
347	994	-1
348	192	-1
348	393	-1
348	420	1
348	750	1
348	814	-1
348	901	-1
348	997	1
349	81	1
349	522	-1
349	625	1
349	663	-1
349	732	1
349	981	-1
349	989	-1
350	706	1
350	781	1
350	838	1
350	938	1
350	963	1
350	987	1
350	991	-1
351	231	1
351	401	1
351	733	1
351	922	-1
351	955	-1
351	978	1
351	979	1
352	236	1
352	421	-1
352	792	-1
352	917	1
352	972	1
352	976	1
352	984	1
353	167	-1
353	235	1
353	573	-1
353	855	1
353	954	-1
353	978	1
353	999	-1
354	656	1
354	746	1
354	780	1
354	822	-1
354	962	-1
354	968	-1
354	997	1
355	497	1
355	586	-1
355	753	1
355	783	1
355	808	-1
355	905	1
355	993	1
356	38	1
356	765	1
356	930	1
356	953	-1
356	973	-1
356	994	-1
356	998	1
357	374	-1
357	700	-1
357	763	1
357	813	1
357	876	1
357	894	1
357	904	-1
358	97	1
358	610	1
358	883	-1
358	934	1
358	949	-1
358	965	1
358	969	-1
359	373	1
359	611	1
359	641	-1
359	907	-1
359	962	1
359	980	-1
359	998	-1
360	458	1
360	466	-1
360	484	1
360	579	-1
360	792	1
360	878	1
360	919	-1
361	304	-1
361	474	-1
361	853	-1
361	902	-1
361	923	1
361	978	-1
361	999	1
362	132	-1
362	867	-1
362	925	1
362	969	-1
362	972	-1
362	994	1
362	999	-1
363	746	-1
363	801	1
363	834	1
363	885	-1
363	923	-1
363	931	-1
363	995	-1
364	395	-1
364	701	1
364	896	1
364	965	1
364	986	-1
364	998	1
364	999	-1
365	67	-1
365	822	1
365	951	1
365	970	1
365	985	1
365	990	1
365	998	-1
366	193	1
366	622	-1
366	705	-1
366	851	1
366	902	1
366	958	1
366	995	1
367	488	-1
367	869	-1
367	911	1
367	953	1
367	957	1
367	991	-1
367	996	1
368	584	-1
368	633	1
368	853	1
368	891	-1
368	908	-1
368	955	1
368	972	-1
369	443	1
369	815	1
369	888	1
369	954	1
369	968	1
369	991	-1
369	994	1
370	437	-1
370	588	1
370	696	-1
370	841	-1
370	901	1
370	977	1
370	997	1
371	241	1
371	315	-1
371	742	-1
371	778	1
371	802	-1
371	985	1
371	989	1
372	541	1
372	840	-1
372	853	-1
372	939	-1
372	949	-1
372	967	-1
372	999	-1
373	515	-1
373	711	1
373	755	-1
373	889	1
373	891	1
373	929	1
373	993	1
374	43	1
374	189	1
374	636	1
374	789	-1
374	869	1
374	986	1
374	995	1
375	26	-1
375	822	1
375	823	-1
375	934	-1
375	951	1
375	985	1
375	989	1
376	621	1
376	694	-1
376	746	1
376	749	-1
376	943	1
376	997	1
376	999	-1
377	330	1
377	477	-1
377	786	1
377	931	-1
377	960	1
377	970	-1
377	986	1
378	187	-1
378	825	-1
378	964	1
378	986	-1
378	988	1
378	991	1
378	996	-1
379	303	1
379	521	1
379	887	1
379	933	1
379	963	1
379	996	1
379	999	1
380	629	-1
380	828	1
380	909	1
380	952	1
380	954	-1
380	970	1
380	991	-1
381	50	1
381	426	1
381	529	1
381	729	-1
381	839	1
381	960	1
381	964	-1
382	268	1
382	455	1
382	516	-1
382	572	1
382	789	-1
382	917	1
382	965	1
383	217	-1
383	713	-1
383	868	1
383	926	-1
383	958	1
383	989	1
383	990	1
384	44	1
384	180	-1
384	751	1
384	943	1
384	977	1
384	982	-1
384	987	-1
385	70	1
385	918	-1
385	922	1
385	926	-1
385	948	-1
385	985	1
385	989	1
386	148	1
386	307	-1
386	585	-1
386	590	1
386	630	-1
386	928	1
386	989	-1
387	492	-1
387	818	1
387	850	1
387	975	-1
387	989	-1
387	992	1
387	997	1
388	313	1
388	320	-1
388	632	1
388	884	1
388	902	1
388	921	-1
388	935	-1
389	213	-1
389	310	1
389	692	1
389	711	1
389	952	-1
389	970	-1
389	979	1
390	309	-1
390	743	1
390	759	-1
390	785	1
390	954	-1
390	967	1
390	998	1
391	670	1
391	833	-1
391	896	1
391	906	-1
391	941	-1
391	969	1
391	982	-1
392	351	-1
392	518	-1
392	727	-1
392	824	1
392	854	-1
392	919	-1
392	938	1
393	587	1
393	718	-1
393	796	1
393	973	-1
393	980	-1
393	985	1
393	989	-1
394	149	-1
394	537	1
394	697	-1
394	901	-1
394	907	1
394	918	1
394	965	1
395	72	-1
395	399	1
395	519	-1
395	942	-1
395	946	1
395	968	1
395	977	-1
396	713	1
396	924	-1
396	938	-1
396	971	1
396	989	-1
396	994	1
396	997	-1
397	283	1
397	609	1
397	699	-1
397	747	-1
397	761	-1
397	891	1
397	954	1
398	267	1
398	399	1
398	865	-1
398	930	1
398	952	-1
398	964	-1
398	988	1
399	810	-1
399	879	-1
399	895	1
399	932	-1
399	935	-1
399	977	1
399	997	1
400	220	1
400	270	1
400	816	-1
400	850	1
400	899	1
400	902	-1
400	951	-1
401	62	-1
401	742	1
401	779	1
401	863	1
401	929	1
401	952	-1
401	973	1
402	282	1
402	383	-1
402	461	1
402	871	1
402	873	1
402	914	1
402	998	1
403	471	-1
403	683	1
403	873	1
403	897	1
403	952	1
403	988	1
403	996	1
404	442	1
404	848	-1
404	853	1
404	867	-1
404	969	1
404	971	-1
404	999	1
405	47	1
405	431	-1
405	606	1
405	870	1
405	897	-1
405	899	-1
405	992	1
406	17	1
406	452	1
406	749	-1
406	808	1
406	833	-1
406	976	-1
406	996	1
407	594	1
407	870	1
407	878	-1
407	890	-1
407	968	-1
407	981	-1
407	982	-1
408	469	1
408	474	-1
408	694	1
408	703	1
408	971	-1
408	990	-1
408	999	1
409	741	1
409	795	1
409	824	-1
409	941	-1
409	975	1
409	980	1
409	993	-1
410	284	1
410	641	1
410	840	-1
410	930	1
410	950	1
410	982	-1
410	988	1
411	715	1
411	721	1
411	826	1
411	827	1
411	940	-1
411	951	1
411	992	-1
412	561	1
412	846	-1
412	883	-1
412	941	1
412	970	-1
412	978	1
412	979	1
413	143	1
413	372	1
413	531	-1
413	633	1
413	670	-1
413	844	1
413	979	1
414	734	-1
414	736	1
414	890	-1
414	909	-1
414	930	-1
414	965	1
414	983	-1
415	121	1
415	240	-1
415	877	-1
415	885	-1
415	972	1
415	975	1
415	992	-1
416	37	1
416	404	-1
416	837	-1
416	890	1
416	937	1
416	961	1
416	998	1
417	24	-1
417	189	-1
417	450	1
417	602	1
417	957	1
417	960	1
417	995	1
418	227	1
418	649	1
418	782	-1
418	942	1
418	958	-1
418	966	1
418	977	-1
419	365	1
419	512	-1
419	556	1
419	684	-1
419	920	-1
419	960	-1
419	978	1
420	84	-1
420	702	-1
420	706	1
420	882	1
420	904	1
420	933	1
420	996	1
421	92	-1
421	680	-1
421	791	-1
421	896	1
421	903	1
421	929	-1
421	998	1
422	563	-1
422	652	1
422	730	1
422	874	-1
422	896	1
422	958	-1
422	967	-1
423	354	1
423	512	-1
423	516	1
423	663	-1
423	724	1
423	975	1
423	977	-1
424	69	-1
424	607	1
424	752	1
424	919	1
424	922	-1
424	964	1
424	980	1
425	908	1
425	923	1
425	941	1
425	944	1
425	974	1
425	982	-1
425	995	1
426	328	-1
426	719	-1
426	920	1
426	929	-1
426	942	1
426	956	-1
426	995	1
427	328	1
427	842	1
427	862	1
427	867	1
427	903	1
427	968	1
427	993	1
428	342	-1
428	583	-1
428	681	1
428	896	1
428	917	1
428	992	-1
428	993	-1
429	110	1
429	154	1
429	294	1
429	975	1
429	990	-1
429	994	1
429	996	-1
430	562	-1
430	824	1
430	857	1
430	913	-1
430	970	1
430	971	1
430	991	1
431	882	-1
431	947	1
431	963	1
431	964	1
431	977	-1
431	995	-1
431	997	-1
432	540	1
432	577	1
432	969	1
432	995	-1
432	996	-1
432	997	1
432	998	1
433	380	1
433	420	1
433	557	-1
433	616	1
433	647	1
433	816	1
433	939	1
434	447	1
434	642	1
434	659	1
434	712	-1
434	909	-1
434	974	-1
434	999	1
435	619	-1
435	743	-1
435	764	-1
435	896	-1
435	969	-1
435	978	-1
435	979	1
436	120	-1
436	383	-1
436	421	1
436	859	-1
436	928	1
436	973	1
436	984	1
437	61	-1
437	480	-1
437	903	1
437	964	1
437	969	1
437	997	-1
437	998	1
438	369	-1
438	932	-1
438	962	1
438	973	-1
438	975	1
438	989	1
438	993	1
439	52	1
439	704	-1
439	888	-1
439	922	1
439	930	1
439	952	-1
439	953	-1
440	119	1
440	470	-1
440	597	1
440	601	1
440	850	1
440	950	-1
440	955	1
441	80	1
441	579	1
441	720	1
441	937	-1
441	950	-1
441	985	1
441	989	-1
442	222	1
442	435	-1
442	560	-1
442	565	-1
442	943	1
442	973	1
442	990	-1
443	173	-1
443	718	1
443	919	1
443	927	1
443	987	-1
443	988	1
443	989	1
444	447	1
444	622	-1
444	666	1
444	687	-1
444	756	-1
444	984	1
444	996	-1
445	722	-1
445	794	1
445	845	-1
445	920	-1
445	942	1
445	945	1
445	986	1
446	576	-1
446	721	1
446	758	-1
446	813	1
446	819	-1
446	959	-1
446	989	1
447	361	1
447	553	1
447	583	-1
447	853	1
447	945	-1
447	990	-1
447	999	1
448	672	-1
448	704	1
448	947	1
448	957	1
448	975	-1
448	977	-1
448	996	1
449	159	-1
449	278	-1
449	716	1
449	873	-1
449	879	1
449	930	-1
449	990	1
450	445	1
450	546	1
450	797	-1
450	921	1
450	975	-1
450	978	-1
450	987	1
451	78	1
451	186	-1
451	666	1
451	930	-1
451	949	1
451	987	-1
451	999	1
452	171	1
452	676	1
452	821	1
452	897	-1
452	919	1
452	937	-1
452	996	1
453	140	1
453	854	-1
453	890	-1
453	934	-1
453	935	-1
453	987	-1
453	998	-1
454	10	-1
454	384	1
454	634	-1
454	656	1
454	706	1
454	993	-1
454	997	1
455	130	-1
455	457	-1
455	564	-1
455	775	1
455	907	-1
455	928	1
455	998	1
456	144	1
456	457	1
456	593	-1
456	933	1
456	966	1
456	989	1
456	999	1
457	393	1
457	682	1
457	822	1
457	852	-1
457	878	1
457	897	-1
457	984	-1
458	383	1
458	657	1
458	662	1
458	933	1
458	942	1
458	954	-1
458	958	1
459	129	-1
459	534	1
459	802	1
459	914	1
459	947	-1
459	979	1
459	999	1
460	34	1
460	211	-1
460	640	-1
460	703	-1
460	936	1
460	969	1
460	971	1
461	82	1
461	415	-1
461	796	-1
461	921	1
461	934	1
461	983	1
461	984	1
462	28	1
462	171	1
462	654	1
462	788	-1
462	941	-1
462	948	1
462	988	1
463	252	-1
463	773	1
463	882	1
463	904	1
463	924	1
463	970	1
463	992	-1
464	266	-1
464	857	-1
464	937	1
464	947	-1
464	988	1
464	996	1
464	999	-1
465	453	1
465	626	-1
465	628	1
465	849	-1
465	878	-1
465	965	1
465	998	1
466	269	-1
466	382	1
466	551	1
466	568	-1
466	847	-1
466	984	1
466	989	-1
467	224	1
467	420	1
467	462	1
467	672	1
467	967	-1
467	996	1
467	999	-1
468	28	1
468	293	1
468	422	1
468	744	-1
468	831	-1
468	927	-1
468	981	1
469	683	-1
469	755	1
469	826	1
469	836	1
469	952	-1
469	972	1
469	994	1
470	438	1
470	763	1
470	818	1
470	850	1
470	938	-1
470	993	-1
470	998	-1
471	464	1
471	643	1
471	668	-1
471	863	-1
471	953	-1
471	988	1
471	996	-1
472	30	-1
472	260	1
472	326	1
472	980	1
472	993	-1
472	994	1
472	996	-1
473	203	1
473	727	1
473	835	-1
473	884	1
473	942	1
473	976	-1
473	987	1
474	395	1
474	677	1
474	921	-1
474	932	-1
474	943	-1
474	949	-1
474	974	-1
475	170	-1
475	759	1
475	940	-1
475	961	1
475	966	-1
475	992	1
475	997	1
476	809	1
476	829	1
476	879	1
476	918	1
476	939	-1
476	966	1
476	989	1
477	321	1
477	363	1
477	846	-1
477	931	-1
477	946	-1
477	959	1
477	986	1
478	854	-1
478	861	1
478	957	1
478	959	1
478	986	1
478	989	-1
478	992	-1
479	491	-1
479	693	1
479	714	-1
479	871	-1
479	932	1
479	966	-1
479	983	-1
480	53	1
480	587	1
480	826	1
480	878	1
480	928	-1
480	943	-1
480	955	-1
481	216	-1
481	407	-1
481	725	1
481	733	-1
481	914	1
481	922	-1
481	998	1
482	185	1
482	622	-1
482	886	-1
482	936	1
482	951	-1
482	968	1
482	974	-1
483	640	1
483	647	-1
483	814	-1
483	980	-1
483	993	-1
483	994	1
483	999	-1
484	102	1
484	718	-1
484	863	-1
484	901	1
484	974	-1
484	987	-1
484	999	-1
485	797	-1
485	860	1
485	962	-1
485	975	1
485	992	1
485	994	1
485	995	1
486	2	1
486	286	1
486	925	1
486	947	-1
486	962	1
486	968	-1
486	995	1
487	645	-1
487	885	-1
487	899	-1
487	909	1
487	926	-1
487	982	-1
487	983	1
488	210	-1
488	762	1
488	875	-1
488	962	1
488	975	1
488	976	1
488	993	-1
489	282	1
489	403	1
489	964	1
489	985	-1
489	991	-1
489	995	-1
489	996	1
490	368	1
490	780	1
490	896	-1
490	927	1
490	941	1
490	975	-1
490	979	-1
491	239	-1
491	472	1
491	642	1
491	773	1
491	917	-1
491	948	-1
491	950	1
492	380	-1
492	775	-1
492	781	1
492	833	1
492	982	-1
492	984	1
492	993	-1
493	634	-1
493	669	1
493	828	1
493	864	-1
493	963	1
493	974	1
493	988	1
494	284	1
494	364	-1
494	734	-1
494	740	1
494	858	1
494	951	-1
494	990	1
495	7	-1
495	757	-1
495	790	1
495	839	-1
495	968	-1
495	975	1
495	980	1
496	198	-1
496	665	1
496	793	1
496	854	1
496	959	-1
496	986	-1
496	995	1
497	558	1
497	566	1
497	696	1
497	787	-1
497	864	1
497	888	1
497	953	-1
498	137	-1
498	715	1
498	740	1
498	822	1
498	836	-1
498	981	1
498	985	1
499	223	1
499	524	1
499	677	-1
499	800	1
499	868	-1
499	895	1
499	978	-1
500	852	1
500	881	-1
500	883	1
500	961	1
500	962	-1
500	977	1
500	997	1
501	123	-1
501	442	1
501	762	-1
501	779	1
501	859	1
501	997	1
501	999	1
502	1	-1
502	319	-1
502	348	1
502	539	1
502	759	1
502	915	-1
502	996	-1
503	762	1
503	820	1
503	900	1
503	947	-1
503	972	-1
503	980	1
503	994	1
504	277	1
504	490	-1
504	721	-1
504	907	1
504	909	1
504	924	-1
504	998	1
505	207	-1
505	249	-1
505	626	1
505	830	-1
505	855	-1
505	950	-1
505	992	-1
506	10	-1
506	690	1
506	717	1
506	786	-1
506	981	1
506	983	-1
506	989	-1
507	241	-1
507	532	-1
507	644	1
507	844	1
507	921	-1
507	963	-1
507	976	-1
508	108	-1
508	832	-1
508	851	-1
508	859	1
508	923	1
508	940	-1
508	955	1
509	530	1
509	590	-1
509	792	1
509	953	-1
509	989	1
509	990	-1
509	998	-1
510	570	-1
510	577	-1
510	744	1
510	886	1
510	887	-1
510	973	1
510	984	1
511	342	1
511	743	-1
511	929	1
511	938	-1
511	980	1
511	994	-1
511	996	-1
512	206	1
512	317	-1
512	448	1
512	503	-1
512	514	1
512	949	1
512	974	1
513	150	1
513	347	1
513	838	-1
513	914	1
513	974	1
513	978	1
513	998	1
514	731	1
514	922	-1
514	940	-1
514	941	-1
514	980	-1
514	993	-1
514	999	-1
515	95	1
515	367	1
515	904	1
515	987	-1
515	989	-1
515	991	1
515	996	1
516	514	1
516	648	1
516	667	1
516	829	-1
516	835	1
516	972	1
516	991	-1
517	562	1
517	824	1
517	859	-1
517	878	-1
517	925	-1
517	950	1
517	953	1
518	301	1
518	346	1
518	683	1
518	765	-1
518	805	1
518	898	1
518	938	1
519	302	-1
519	491	1
519	714	-1
519	880	1
519	915	1
519	948	-1
519	979	-1
520	208	1
520	410	1
520	535	-1
520	795	1
520	968	1
520	984	-1
520	993	1
521	720	-1
521	735	1
521	770	-1
521	887	1
521	900	-1
521	971	1
521	991	1
522	205	1
522	387	1
522	567	1
522	926	1
522	961	1
522	993	-1
522	997	-1
523	246	1
523	745	-1
523	962	1
523	972	1
523	980	-1
523	993	1
523	999	-1
524	686	-1
524	782	-1
524	794	-1
524	895	-1
524	902	-1
524	923	1
524	999	1
525	299	1
525	327	-1
525	707	1
525	890	-1
525	903	1
525	918	-1
525	994	-1
526	45	1
526	330	-1
526	789	-1
526	806	1
526	904	-1
526	934	-1
526	984	1
527	11	1
527	272	-1
527	880	1
527	911	1
527	950	1
527	951	-1
527	971	1
528	139	1
528	823	-1
528	956	-1
528	963	-1
528	978	1
528	979	-1
528	992	-1
529	3	-1
529	22	-1
529	840	1
529	854	1
529	889	-1
529	960	1
529	987	1
530	25	1
530	32	-1
530	357	1
530	373	-1
530	894	-1
530	917	-1
530	987	1
531	159	-1
531	607	1
531	624	1
531	897	-1
531	934	-1
531	961	-1
531	964	1
532	1	1
532	127	1
532	269	1
532	612	-1
532	955	1
532	972	-1
532	994	-1
533	78	1
533	308	1
533	673	1
533	705	-1
533	750	1
533	895	1
533	977	1
534	444	1
534	576	1
534	725	-1
534	810	1
534	863	-1
534	899	-1
534	999	1
535	597	-1
535	599	-1
535	612	1
535	865	1
535	963	-1
535	992	1
535	999	-1
536	439	1
536	635	1
536	934	-1
536	939	1
536	955	-1
536	991	1
536	996	1
537	234	-1
537	440	-1
537	589	-1
537	653	1
537	932	1
537	973	1
537	998	1
538	541	-1
538	884	-1
538	970	-1
538	977	-1
538	991	-1
538	996	-1
538	997	1
539	27	1
539	586	1
539	698	1
539	719	-1
539	753	-1
539	765	-1
539	992	1
540	431	1
540	895	-1
540	899	-1
540	949	-1
540	983	1
540	984	1
540	992	1
541	83	1
541	199	1
541	416	-1
541	731	1
541	733	1
541	763	-1
541	991	-1
542	544	1
542	715	-1
542	797	-1
542	810	1
542	943	-1
542	958	1
542	999	1
543	535	1
543	898	1
543	927	-1
543	931	-1
543	964	1
543	976	1
543	999	-1
544	403	-1
544	635	1
544	931	-1
544	984	-1
544	993	1
544	996	-1
544	999	-1
545	15	1
545	45	1
545	116	1
545	188	-1
545	950	-1
545	971	1
545	992	-1
546	394	-1
546	769	1
546	906	1
546	931	1
546	957	1
546	995	1
546	998	-1
547	25	1
547	276	1
547	892	-1
547	910	-1
547	936	-1
547	975	1
547	994	1
548	59	-1
548	64	1
548	854	1
548	938	-1
548	959	1
548	961	-1
548	995	-1
549	419	-1
549	888	-1
549	924	-1
549	937	-1
549	971	-1
549	974	-1
549	997	1
550	99	1
550	585	1
550	600	-1
550	713	-1
550	755	1
550	955	1
550	996	-1
551	362	-1
551	408	-1
551	651	-1
551	722	1
551	775	-1
551	871	1
551	969	1
552	35	-1
552	733	-1
552	744	-1
552	845	-1
552	979	1
552	989	-1
552	991	-1
553	51	-1
553	343	1
553	726	1
553	730	1
553	832	-1
553	914	1
553	973	1
554	802	1
554	811	-1
554	910	-1
554	942	-1
554	974	-1
554	979	1
554	999	1
555	616	-1
555	789	-1
555	895	1
555	932	-1
555	937	-1
555	947	1
555	988	-1
556	620	-1
556	868	-1
556	888	1
556	916	1
556	968	-1
556	990	-1
556	993	-1
557	860	-1
557	865	-1
557	937	1
557	970	-1
557	986	-1
557	991	1
557	996	1
558	175	1
558	624	-1
558	746	-1
558	888	1
558	925	-1
558	968	1
558	994	-1
559	393	1
559	703	1
559	782	1
559	827	-1
559	883	-1
559	933	1
559	980	1
560	564	1
560	830	1
560	869	-1
560	904	-1
560	985	-1
560	997	1
560	999	-1
561	66	1
561	353	1
561	438	-1
561	451	1
561	564	1
561	623	-1
561	907	-1
562	462	1
562	628	1
562	681	-1
562	920	-1
562	953	1
562	976	1
562	991	1
563	586	-1
563	588	1
563	623	-1
563	641	-1
563	803	-1
563	943	1
563	997	-1
564	742	-1
564	827	-1
564	879	-1
564	947	-1
564	949	1
564	978	1
564	990	-1
565	586	1
565	708	-1
565	770	1
565	890	-1
565	973	-1
565	987	-1
565	997	-1
566	547	1
566	867	-1
566	907	-1
566	939	-1
566	962	1
566	968	-1
566	991	-1
567	146	1
567	423	1
567	605	1
567	618	1
567	673	1
567	948	-1
567	959	-1
568	181	1
568	550	-1
568	710	-1
568	939	-1
568	940	1
568	977	-1
568	992	1
569	427	1
569	485	-1
569	877	1
569	894	-1
569	954	1
569	976	-1
569	994	1
570	636	1
570	761	1
570	906	-1
570	957	1
570	963	-1
570	995	-1
571	552	1
571	578	-1
571	600	1
571	639	1
571	945	-1
571	984	-1
572	121	-1
572	382	1
572	775	1
572	803	1
572	936	1
572	997	-1
573	164	-1
573	806	1
573	928	-1
573	958	1
573	983	1
573	998	1
574	290	-1
574	831	1
574	925	1
574	964	1
574	970	1
574	991	-1
575	287	1
575	603	-1
575	774	1
575	805	1
575	895	1
575	923	-1
576	365	1
576	441	1
576	695	-1
576	804	1
576	951	1
576	998	-1
577	170	-1
577	743	-1
577	856	1
577	901	-1
577	923	-1
577	998	1
578	557	1
578	621	-1
578	760	1
578	944	1
578	974	-1
578	999	1
579	360	1
579	786	-1
579	805	-1
579	823	1
579	977	-1
579	981	1
580	101	1
580	607	-1
580	951	-1
580	960	-1
580	981	1
580	990	-1
581	405	-1
581	513	-1
581	884	-1
581	899	1
581	967	1
581	998	1
582	483	1
582	916	1
582	993	1
582	994	1
582	998	-1
582	999	-1
583	620	1
583	803	1
583	831	-1
583	969	1
583	973	-1
583	987	-1
584	37	-1
584	775	-1
584	841	1
584	861	-1
584	919	-1
584	974	-1
585	404	-1
585	779	1
585	923	1
585	937	-1
585	979	1
585	992	-1
586	295	-1
586	440	1
586	759	1
586	817	1
586	892	-1
586	973	-1
587	154	-1
587	576	-1
587	678	-1
587	782	-1
587	932	-1
587	981	1
588	184	-1
588	460	-1
588	746	1
588	961	1
588	992	1
588	997	1
589	338	1
589	573	1
589	725	1
589	844	-1
589	850	-1
589	935	1
590	425	-1
590	730	1
590	749	-1
590	903	1
590	906	-1
590	982	-1
591	566	-1
591	721	-1
591	868	-1
591	871	1
591	996	1
591	999	1
592	166	1
592	471	-1
592	608	1
592	949	-1
592	972	-1
592	977	1
593	387	1
593	505	1
593	825	1
593	927	-1
593	985	1
593	997	-1
594	98	1
594	396	-1
594	581	1
594	769	1
594	936	-1
594	992	1
595	391	-1
595	481	-1
595	918	-1
595	924	-1
595	952	-1
595	955	-1
596	223	-1
596	910	-1
596	923	-1
596	943	-1
596	992	1
596	997	1
597	202	-1
597	229	-1
597	596	1
597	618	1
597	980	-1
597	992	1
598	506	1
598	664	1
598	745	1
598	897	-1
598	965	-1
598	994	-1
599	164	1
599	512	-1
599	603	-1
599	813	1
599	985	1
599	991	1
600	294	1
600	820	-1
600	949	1
600	970	-1
600	993	-1
600	999	1
601	740	-1
601	913	1
601	946	-1
601	950	-1
601	980	-1
601	997	1
602	599	-1
602	687	1
602	902	1
602	929	-1
602	942	1
602	956	1
603	214	1
603	958	1
603	976	-1
603	985	-1
603	990	1
603	999	-1
604	133	-1
604	580	1
604	963	-1
604	981	1
604	985	1
604	990	1
605	114	-1
605	617	1
605	626	1
605	877	-1
605	959	-1
605	997	1
606	19	-1
606	196	-1
606	770	1
606	782	-1
606	938	-1
606	997	1
607	139	-1
607	555	1
607	971	1
607	985	-1
607	991	1
607	994	1
608	612	1
608	680	1
608	819	1
608	959	-1
608	978	-1
608	997	1
609	250	1
609	640	1
609	791	-1
609	921	-1
609	927	-1
609	990	1
610	79	-1
610	749	1
610	914	1
610	965	1
610	970	-1
610	983	1
611	174	1
611	271	-1
611	820	1
611	928	-1
611	980	1
611	994	-1
612	248	-1
612	568	1
612	679	1
612	719	-1
612	756	1
612	958	1
613	615	1
613	674	-1
613	929	1
613	948	-1
613	954	1
613	993	1
614	937	1
614	968	1
614	972	1
614	987	-1
614	993	1
614	994	-1
615	477	1
615	632	1
615	678	-1
615	965	-1
615	986	-1
615	987	1
616	11	1
616	289	1
616	436	-1
616	939	1
616	970	1
616	971	1
617	606	1
617	730	-1
617	778	-1
617	893	1
617	901	1
617	910	-1
618	487	-1
618	852	1
618	874	-1
618	890	-1
618	893	-1
618	964	1
619	435	1
619	653	-1
619	935	1
619	941	-1
619	969	-1
619	999	1
620	506	-1
620	833	1
620	917	1
620	924	1
620	936	-1
620	947	-1
621	62	1
621	153	1
621	901	1
621	913	-1
621	974	-1
621	997	1
622	524	-1
622	525	1
622	728	1
622	873	1
622	952	-1
622	983	1
623	106	-1
623	772	1
623	971	1
623	986	-1
623	991	-1
623	998	1
624	697	1
624	709	-1
624	903	-1
624	919	1
624	947	1
624	988	1
625	354	1
625	538	-1
625	560	1
625	977	1
625	995	-1
625	997	1
626	405	1
626	471	-1
626	603	-1
626	709	-1
626	895	-1
626	992	1
627	181	1
627	500	1
627	877	-1
627	885	-1
627	886	-1
627	912	1
628	422	-1
628	424	-1
628	843	-1
628	896	1
628	928	-1
628	986	-1
629	801	1
629	956	1
629	986	1
629	987	1
629	993	1
629	995	1
630	889	-1
630	942	1
630	964	-1
630	970	-1
630	986	1
630	987	1
631	429	1
631	613	1
631	685	1
631	862	-1
631	929	-1
631	947	-1
632	200	1
632	203	1
632	593	-1
632	965	-1
632	982	-1
632	995	1
633	64	1
633	666	-1
633	766	-1
633	941	1
633	974	1
633	999	-1
634	288	-1
634	467	-1
634	811	1
634	817	1
634	947	1
634	984	-1
635	194	1
635	426	1
635	815	-1
635	851	1
635	960	1
635	982	1
636	884	-1
636	921	-1
636	961	-1
636	982	-1
636	986	1
636	987	1
637	253	1
637	867	1
637	888	1
637	905	1
637	943	-1
637	971	-1
638	337	-1
638	914	-1
638	933	1
638	983	1
638	984	1
638	990	-1
639	832	1
639	923	1
639	935	-1
639	979	1
639	998	1
639	999	1
640	488	-1
640	826	-1
640	921	-1
640	968	1
640	994	1
640	999	-1
641	338	-1
641	352	-1
641	788	-1
641	915	-1
641	972	-1
641	991	1
642	230	1
642	310	-1
642	915	-1
642	936	1
642	937	1
642	939	1
643	702	1
643	777	1
643	924	1
643	946	-1
643	963	1
643	988	1
644	340	1
644	633	1
644	880	1
644	901	-1
644	969	-1
644	999	1
645	146	1
645	519	-1
645	646	1
645	934	1
645	966	-1
645	969	1
646	553	1
646	896	1
646	951	-1
646	971	-1
646	973	1
646	981	1
647	574	1
647	918	1
647	930	-1
647	975	-1
647	976	1
647	998	-1
648	351	1
648	549	-1
648	563	-1
648	726	-1
648	859	1
648	974	-1
649	264	1
649	575	1
649	607	-1
649	698	1
649	724	-1
649	750	1
650	192	1
650	388	1
650	402	-1
650	861	1
650	946	-1
650	997	-1
651	830	-1
651	944	1
651	949	1
651	957	-1
651	962	-1
651	998	1
652	429	-1
652	588	-1
652	707	1
652	747	1
652	965	-1
652	983	1
653	392	-1
653	437	1
653	583	1
653	712	1
653	893	1
653	984	-1
654	567	-1
654	810	-1
654	920	1
654	922	1
654	930	1
654	963	1
655	49	1
655	452	1
655	511	-1
655	858	1
655	912	-1
655	937	1
656	38	1
656	549	1
656	849	1
656	895	1
656	993	-1
656	997	1
657	456	1
657	720	1
657	936	-1
657	938	-1
657	942	1
657	989	1
658	831	1
658	858	-1
658	882	1
658	960	-1
658	996	1
658	999	-1
659	23	1
659	543	-1
659	629	-1
659	909	-1
659	928	-1
659	951	-1
660	7	1
660	749	1
660	880	-1
660	910	1
660	979	-1
660	990	-1
661	563	1
661	598	-1
661	864	-1
661	883	1
661	963	-1
661	992	1
662	275	1
662	778	-1
662	805	-1
662	960	-1
662	966	1
662	974	-1
663	593	1
663	815	-1
663	852	1
663	885	1
663	981	-1
663	992	-1
664	498	1
664	540	-1
664	665	-1
664	876	1
664	881	1
664	966	1
665	473	1
665	875	1
665	957	1
665	986	-1
665	987	1
665	995	-1
666	664	1
666	923	1
666	924	1
666	944	1
666	967	-1
666	990	-1
667	31	1
667	345	-1
667	750	1
667	768	-1
667	883	1
667	983	-1
668	195	-1
668	461	1
668	701	1
668	772	-1
668	918	1
668	985	-1
669	689	-1
669	898	1
669	948	1
669	976	-1
669	978	-1
669	988	-1
670	105	1
670	732	1
670	856	-1
670	942	-1
670	965	1
670	980	-1
671	134	1
671	604	-1
671	678	1
671	748	-1
671	905	-1
671	999	1
672	468	-1
672	797	-1
672	952	-1
672	988	-1
672	991	-1
672	998	-1
673	454	1
673	474	1
673	605	1
673	724	1
673	950	-1
673	995	-1
674	424	1
674	568	1
674	797	1
674	816	1
674	939	1
674	970	1
675	565	1
675	730	-1
675	971	-1
675	983	-1
675	989	-1
675	992	1
676	36	1
676	197	1
676	276	1
676	764	1
676	943	1
676	971	1
677	285	-1
677	667	1
677	886	-1
677	932	-1
677	943	1
677	977	1
678	24	1
678	255	-1
678	459	1
678	518	-1
678	968	-1
678	978	-1
679	111	-1
679	658	-1
679	845	1
679	992	1
679	994	-1
679	997	1
680	48	-1
680	450	-1
680	883	1
680	940	1
680	990	-1
680	992	1
681	402	1
681	683	-1
681	722	1
681	843	1
681	896	1
681	982	-1
682	389	-1
682	411	1
682	766	1
682	980	-1
682	981	-1
682	990	-1
683	601	-1
683	655	-1
683	831	-1
683	927	1
683	980	-1
683	996	1
684	147	1
684	261	-1
684	477	1
684	559	1
684	976	-1
684	989	-1
685	469	1
685	523	1
685	711	1
685	795	1
685	980	1
685	998	-1
686	432	1
686	769	1
686	780	1
686	883	1
686	932	1
686	968	-1
687	548	-1
687	955	-1
687	978	-1
687	985	-1
687	986	1
687	987	1
688	259	1
688	305	1
688	542	1
688	923	1
688	977	-1
688	998	-1
689	889	-1
689	906	-1
689	919	-1
689	949	-1
689	959	1
689	998	1
690	582	-1
690	598	1
690	926	-1
690	982	-1
690	985	1
690	989	1
691	630	-1
691	767	1
691	796	1
691	878	1
691	951	1
691	976	-1
692	58	1
692	716	1
692	819	-1
692	853	1
692	932	-1
692	990	-1
693	407	1
693	764	-1
693	774	-1
693	940	-1
693	969	-1
693	986	-1
694	21	1
694	433	-1
694	760	1
694	952	-1
694	974	1
694	978	1
695	489	-1
695	834	1
695	921	1
695	926	-1
695	945	1
695	987	1
696	185	-1
696	488	1
696	895	1
696	929	1
696	993	1
696	994	1
697	785	1
697	816	1
697	913	1
697	933	-1
697	976	-1
697	996	1
698	475	1
698	841	-1
698	887	-1
698	927	-1
698	943	1
698	977	1
699	457	-1
699	630	1
699	811	-1
699	862	1
699	875	1
699	966	-1
700	220	-1
700	408	-1
700	745	-1
700	933	1
700	989	1
700	990	-1
701	814	1
701	902	-1
701	906	-1
701	928	1
701	967	1
701	983	1
702	855	-1
702	880	1
702	887	1
702	904	1
702	970	1
702	985	-1
703	554	1
703	566	-1
703	941	1
703	955	1
703	991	-1
703	994	-1
704	5	1
704	904	1
704	911	1
704	938	1
704	969	-1
704	987	-1
705	629	-1
705	854	-1
705	884	1
705	950	-1
705	956	1
705	986	1
706	86	-1
706	709	1
706	789	1
706	904	-1
706	988	1
706	997	1
707	88	-1
707	341	-1
707	525	1
707	671	-1
707	886	1
707	983	1
708	435	-1
708	650	-1
708	653	-1
708	862	1
708	906	1
708	960	1
709	4	1
709	137	1
709	414	-1
709	788	-1
709	963	1
709	998	1
710	323	-1
710	526	-1
710	886	1
710	909	1
710	957	1
710	997	-1
711	16	-1
711	737	1
711	812	-1
711	900	1
711	968	1
711	994	1
712	35	1
712	482	1
712	679	-1
712	917	1
712	931	1
712	998	-1
713	229	1
713	449	-1
713	873	1
713	898	1
713	915	-1
713	943	-1
714	161	-1
714	769	1
714	893	1
714	904	-1
714	940	1
714	984	1
715	277	1
715	396	-1
715	662	1
715	829	1
715	966	1
715	990	1
716	501	-1
716	520	1
716	578	1
716	949	1
716	969	1
716	978	1
717	9	1
717	494	1
717	796	1
717	980	-1
717	989	1
717	993	-1
718	306	-1
718	396	1
718	912	1
718	938	-1
718	970	1
718	976	1
719	191	1
719	470	1
719	772	1
719	848	1
719	977	1
719	992	1
720	506	-1
720	763	1
720	774	-1
720	781	-1
720	894	1
720	948	-1
721	359	-1
721	501	-1
721	603	1
721	782	1
721	981	1
721	985	1
722	540	1
722	660	1
722	867	-1
722	886	1
722	910	1
722	912	-1
723	286	1
723	475	-1
723	892	1
723	938	-1
723	991	-1
723	994	-1
724	12	1
724	254	-1
724	876	1
724	985	-1
724	997	1
724	999	1
725	898	-1
725	909	-1
725	918	-1
725	941	-1
725	984	-1
725	994	-1
726	710	1
726	808	-1
726	935	1
726	965	-1
726	992	-1
726	998	1
727	454	-1
727	553	1
727	738	1
727	913	1
727	967	1
727	969	1
728	357	-1
728	934	1
728	941	-1
728	950	-1
728	967	1
728	984	1
729	113	-1
729	285	1
729	732	-1
729	923	-1
729	963	-1
729	998	1
730	573	-1
730	774	-1
730	838	-1
730	939	1
730	960	-1
730	998	1
731	741	-1
731	802	1
731	863	1
731	909	-1
731	978	1
731	979	1
732	209	1
732	390	-1
732	931	-1
732	943	-1
732	954	-1
732	984	1
733	550	1
733	891	-1
733	967	-1
733	974	-1
733	986	-1
733	994	-1
734	219	-1
734	412	1
734	456	1
734	770	-1
734	949	-1
734	989	-1
735	80	-1
735	674	1
735	689	-1
735	772	1
735	813	-1
735	950	-1
736	155	1
736	576	-1
736	728	1
736	757	-1
736	847	1
736	950	-1
737	397	1
737	499	-1
737	661	1
737	842	1
737	905	1
737	975	-1
738	20	-1
738	401	-1
738	484	1
738	821	1
738	955	1
738	987	-1
739	646	-1
739	875	1
739	942	1
739	986	-1
739	989	-1
739	998	-1
740	391	-1
740	574	1
740	717	1
740	766	-1
740	778	1
740	990	1
741	337	-1
741	926	-1
741	929	-1
741	955	-1
741	972	1
741	994	1
742	322	-1
742	591	1
742	811	-1
742	841	1
742	877	-1
742	916	1
743	239	-1
743	260	1
743	735	-1
743	837	-1
743	983	1
743	998	1
744	46	1
744	47	-1
744	356	1
744	868	-1
744	931	-1
744	973	-1
745	682	1
745	868	-1
745	926	1
745	928	1
745	966	1
745	990	1
746	453	-1
746	649	1
746	702	-1
746	885	1
746	961	1
746	993	1
747	591	1
747	809	1
747	821	-1
747	836	1
747	925	1
747	993	1
748	737	-1
748	934	-1
748	944	1
748	970	-1
748	974	1
748	986	-1
749	74	1
749	90	-1
749	191	1
749	604	-1
749	908	1
749	998	1
750	412	-1
750	550	-1
750	824	-1
750	883	1
750	893	1
750	992	1
751	46	-1
751	533	1
751	601	1
751	971	-1
751	979	-1
751	999	1
752	125	-1
752	807	1
752	921	1
752	922	1
752	960	1
752	995	1
753	217	-1
753	499	-1
753	860	1
753	972	1
753	993	-1
753	994	1
754	225	-1
754	508	-1
754	798	1
754	860	1
754	916	1
754	946	1
755	85	-1
755	438	-1
755	520	1
755	979	-1
755	980	1
755	994	1
756	168	1
756	423	1
756	634	1
756	945	1
756	978	-1
756	997	-1
757	459	1
757	660	-1
757	685	-1
757	953	-1
757	969	1
757	973	1
758	65	1
758	74	-1
758	849	1
758	850	1
758	961	-1
758	965	-1
759	199	-1
759	539	-1
759	563	1
759	905	1
759	992	1
759	997	1
760	187	-1
760	412	-1
760	585	1
760	734	-1
760	937	1
760	975	-1
761	401	-1
761	409	-1
761	942	1
761	946	1
761	957	-1
761	987	1
762	696	1
762	930	-1
762	945	-1
762	968	1
762	975	1
762	993	1
763	375	-1
763	504	-1
763	799	1
763	881	1
763	979	-1
763	993	1
764	431	1
764	669	-1
764	788	1
764	922	1
764	983	-1
764	996	1
765	44	-1
765	56	1
765	908	1
765	978	-1
765	982	-1
765	998	1
766	684	-1
766	813	1
766	822	1
766	863	1
766	958	-1
766	979	-1
767	179	-1
767	766	-1
767	968	-1
767	981	1
767	990	-1
767	999	-1
768	63	-1
768	875	1
768	884	1
768	962	-1
768	981	1
768	995	1
769	133	1
769	168	1
769	452	-1
769	636	-1
769	940	1
769	979	1
770	582	-1
770	776	1
770	852	1
770	858	1
770	925	-1
770	990	1
771	266	1
771	737	-1
771	953	-1
771	980	1
771	987	-1
771	999	-1
772	887	1
772	946	-1
772	947	1
772	964	1
772	990	1
772	996	1
773	707	-1
773	938	1
773	948	1
773	953	-1
773	971	-1
773	991	1
774	731	-1
774	792	1
774	805	-1
774	876	1
774	967	1
774	977	-1
775	391	1
775	712	1
775	817	-1
775	831	-1
775	907	1
775	914	1
776	41	1
776	714	-1
776	897	-1
776	956	-1
776	972	-1
776	984	-1
777	448	1
777	658	1
777	789	1
777	913	1
777	927	1
777	976	1
778	96	-1
778	688	-1
778	881	1
778	926	1
778	984	-1
778	985	1
779	249	-1
779	265	1
779	858	-1
779	930	-1
779	984	-1
779	999	1
780	870	-1
780	890	-1
780	943	1
780	961	1
780	988	-1
780	996	1
781	13	-1
781	822	1
781	967	1
781	970	-1
781	975	-1
781	984	1
782	526	-1
782	559	1
782	966	1
782	981	1
782	985	1
782	993	-1
783	422	-1
783	640	1
783	877	1
783	884	-1
783	891	1
783	965	-1
784	620	1
784	714	-1
784	814	1
784	899	-1
784	986	-1
784	992	-1
785	122	1
785	152	-1
785	787	1
785	847	1
785	886	-1
785	991	-1
786	201	-1
786	290	1
786	687	1
786	946	1
786	959	1
786	987	1
787	489	1
787	947	1
787	970	1
787	976	1
787	998	-1
787	999	1
788	379	-1
788	830	-1
788	880	1
788	896	1
788	897	1
788	972	-1
789	341	1
789	735	1
789	964	1
789	974	-1
789	992	-1
789	996	-1
790	186	-1
790	243	-1
790	589	-1
790	820	1
790	945	-1
790	972	1
791	20	1
791	753	1
791	929	1
791	954	-1
791	975	1
791	993	-1
792	18	-1
792	57	-1
792	876	1
792	894	1
792	981	1
792	994	-1
793	352	1
793	727	1
793	767	1
793	871	1
793	925	-1
793	983	-1
794	182	-1
794	483	-1
794	840	-1
794	950	-1
794	959	-1
794	995	1
795	246	1
795	345	-1
795	973	1
795	980	1
795	989	-1
795	992	-1
796	530	1
796	682	1
796	826	-1
796	971	1
796	989	-1
796	998	-1
797	430	1
797	733	-1
797	828	1
797	968	-1
797	971	1
797	996	1
798	90	1
798	656	1
798	755	1
798	872	1
798	914	-1
798	993	1
799	577	1
799	599	1
799	936	-1
799	981	1
799	990	1
799	999	-1
800	131	1
800	389	-1
800	451	1
800	541	1
800	656	-1
800	962	-1
801	142	1
801	645	-1
801	695	1
801	708	1
801	842	-1
801	861	1
802	184	1
802	821	1
802	950	-1
802	976	-1
802	992	-1
802	994	-1
803	366	-1
803	482	1
803	487	1
803	960	-1
803	973	1
803	984	1
804	464	-1
804	580	1
804	599	1
804	933	1
804	944	1
804	985	1
805	446	1
805	498	1
805	879	1
805	891	-1
805	985	-1
805	986	-1
806	517	-1
806	581	1
806	909	1
806	913	-1
806	991	-1
806	998	-1
807	893	-1
807	895	1
807	900	-1
807	916	-1
807	932	1
807	943	1
808	536	-1
808	779	-1
808	887	1
808	891	1
808	954	1
808	996	1
809	416	-1
809	558	1
809	807	-1
809	820	1
809	877	1
809	993	-1
810	323	1
810	340	1
810	800	1
810	816	-1
810	946	-1
810	978	-1
811	109	1
811	652	-1
811	903	1
811	961	1
811	997	1
811	999	-1
812	828	1
812	898	1
812	918	-1
812	919	1
812	952	1
812	968	-1
813	70	1
813	344	-1
813	729	-1
813	944	1
813	981	1
813	989	1
814	547	-1
814	577	1
814	668	1
814	960	1
814	983	1
814	984	1
815	476	1
815	483	-1
815	872	1
815	962	1
815	983	-1
815	995	-1
816	114	1
816	693	-1
816	776	-1
816	812	1
816	924	1
816	939	1
817	856	1
817	863	-1
817	883	1
817	901	1
817	922	-1
817	992	-1
818	63	-1
818	667	1
818	824	-1
818	852	1
818	989	1
818	997	1
819	370	1
819	549	1
819	776	-1
819	849	-1
819	917	-1
819	965	-1
820	318	-1
820	592	1
820	643	-1
820	739	1
820	798	1
820	975	1
821	262	-1
821	299	1
821	490	1
821	631	-1
821	841	1
821	999	1
822	222	-1
822	659	-1
822	691	-1
822	879	1
822	966	-1
822	981	-1
823	134	-1
823	348	-1
823	578	-1
823	717	1
823	805	1
823	966	-1
824	485	-1
824	735	1
824	952	1
824	963	1
824	974	-1
824	976	1
825	346	1
825	592	1
825	819	1
825	865	1
825	940	1
825	985	1
826	792	1
826	823	1
826	866	-1
826	926	1
826	983	-1
826	990	1
827	0	-1
827	940	-1
827	958	1
827	981	1
827	985	-1
827	991	-1
828	52	1
828	517	1
828	575	1
828	963	1
828	976	1
828	996	1
829	774	1
829	933	1
829	972	1
829	973	-1
829	985	-1
829	990	1
830	136	-1
830	533	-1
830	859	1
830	862	1
830	949	1
830	969	1
831	224	1
831	350	1
831	858	-1
831	922	-1
831	930	1
831	996	-1
832	166	-1
832	468	1
832	571	1
832	722	-1
832	800	1
832	961	-1
833	107	-1
833	744	-1
833	934	-1
833	973	1
833	983	1
833	993	-1
834	291	1
834	481	-1
834	884	1
834	920	1
834	956	1
834	957	1
835	149	1
835	172	-1
835	233	-1
835	868	1
835	967	-1
835	999	-1
836	8	1
836	156	-1
836	175	1
836	178	-1
836	614	1
836	975	1
837	234	1
837	482	-1
837	606	1
837	687	1
837	942	1
837	986	1
838	410	1
838	932	-1
838	938	1
838	948	1
838	988	1
838	991	1
839	48	1
839	628	-1
839	741	-1
839	786	1
839	960	1
839	995	-1
840	106	1
840	144	-1
840	450	1
840	975	-1
840	986	1
840	987	1
841	370	-1
841	382	-1
841	544	-1
841	827	-1
841	830	1
841	835	-1
842	129	-1
842	875	-1
842	916	1
842	980	1
842	981	-1
842	994	-1
843	397	1
843	637	-1
843	886	-1
843	916	1
843	947	-1
843	993	1
844	0	1
844	257	-1
844	916	-1
844	953	-1
844	978	-1
844	999	1
845	528	1
845	615	1
845	803	1
845	929	-1
845	944	-1
845	955	1
846	410	-1
846	855	1
846	946	-1
846	970	1
846	976	1
846	991	-1
847	2	-1
847	692	-1
847	886	1
847	935	-1
847	985	-1
847	998	1
848	306	1
848	430	-1
848	728	-1
848	825	-1
848	943	1
848	961	1
849	349	1
849	578	1
849	712	-1
849	811	-1
849	961	1
849	994	1
850	395	1
850	537	1
850	627	-1
850	890	1
850	977	-1
850	999	-1
851	377	1
851	496	1
851	894	-1
851	896	-1
851	920	1
851	982	1
852	407	1
852	693	1
852	832	1
852	989	-1
852	993	-1
852	997	1
853	49	-1
853	94	-1
853	298	-1
853	462	-1
853	644	-1
853	999	1
854	478	1
854	837	1
854	870	-1
854	956	1
854	987	1
854	995	1
855	6	1
855	15	-1
855	32	-1
855	859	1
855	987	-1
855	994	-1
856	610	1
856	628	1
856	752	1
856	765	-1
856	893	-1
856	965	1
857	838	-1
857	880	1
857	915	1
857	964	1
857	984	-1
857	998	-1
858	808	1
858	866	-1
858	950	-1
858	962	-1
858	996	1
858	999	-1
859	105	-1
859	497	-1
859	571	1
859	715	-1
859	832	1
859	973	-1
860	771	-1
860	891	1
860	986	-1
860	993	1
860	994	1
860	995	-1
861	916	-1
861	942	-1
861	956	1
861	985	-1
861	987	1
861	997	-1
862	665	-1
862	839	-1
862	840	1
862	889	1
862	982	1
862	987	1
863	237	-1
863	316	-1
863	507	1
863	976	-1
863	978	1
863	999	-1
864	754	1
864	865	-1
864	874	-1
864	892	1
864	925	1
864	944	-1
865	384	1
865	770	-1
865	807	1
865	911	-1
865	927	-1
865	997	-1
866	61	1
866	85	-1
866	183	1
866	760	1
866	959	-1
866	999	-1
867	523	1
867	814	-1
867	843	1
867	863	-1
867	993	1
867	995	-1
868	524	1
868	734	1
868	767	-1
868	830	1
868	903	1
868	995	1
869	840	-1
869	889	1
869	920	1
869	921	1
869	931	1
869	995	1
870	5	-1
870	127	1
870	780	1
870	867	1
870	885	1
870	964	-1
871	212	-1
871	707	1
871	815	-1
871	981	1
871	983	1
871	998	-1
872	561	-1
872	836	1
872	888	1
872	905	-1
872	954	1
872	965	-1
873	406	1
873	882	-1
873	912	1
873	922	-1
873	924	1
873	938	1
874	529	1
874	807	1
874	902	-1
874	910	1
874	921	1
874	959	1
875	794	-1
875	862	-1
875	942	-1
875	946	1
875	960	1
875	987	1
876	151	1
876	198	1
876	588	-1
876	677	-1
876	989	1
876	990	1
877	843	1
877	878	-1
877	888	1
877	972	1
877	990	-1
877	993	1
878	245	-1
878	569	-1
878	736	-1
878	827	1
878	879	1
878	989	1
879	274	-1
879	809	-1
879	894	-1
879	948	-1
879	951	1
879	989	1
880	764	1
880	824	1
880	908	-1
880	976	1
880	986	-1
880	996	-1
881	72	1
881	263	-1
881	981	1
881	985	1
881	990	1
881	999	1
882	444	-1
882	808	1
882	908	1
882	913	1
882	975	-1
882	991	1
883	91	1
883	442	-1
883	819	1
883	851	-1
883	901	1
883	957	-1
884	609	-1
884	777	-1
884	920	-1
884	946	1
884	987	1
884	995	1
885	758	1
885	872	-1
885	928	-1
885	977	1
885	987	-1
885	997	1
886	301	1
886	492	1
886	793	-1
886	908	1
886	916	-1
886	983	1
887	467	-1
887	846	1
887	899	-1
887	919	1
887	937	1
887	995	-1
888	737	1
888	773	1
888	891	1
888	892	-1
888	980	1
888	994	1
889	233	-1
889	768	1
889	972	-1
889	982	1
889	988	-1
889	991	-1
890	226	-1
890	461	-1
890	719	1
890	828	1
890	901	1
890	999	-1
891	582	-1
891	798	1
891	929	1
891	935	1
891	962	1
891	983	1
892	182	-1
892	556	-1
892	783	1
892	867	1
892	968	-1
892	976	-1
893	216	-1
893	400	1
893	555	-1
893	696	-1
893	746	1
893	852	1
894	16	1
894	167	-1
894	720	1
894	939	-1
894	988	-1
894	990	1
895	757	-1
895	769	1
895	792	1
895	810	-1
895	817	1
895	828	-1
896	165	-1
896	394	1
896	864	-1
896	965	1
896	975	-1
896	998	1
897	398	1
897	797	1
897	843	-1
897	892	-1
897	988	1
897	996	1
898	527	1
898	642	1
898	897	1
898	939	1
898	959	-1
898	995	-1
899	394	1
899	788	-1
899	879	1
899	951	-1
899	965	-1
899	998	-1
900	411	-1
900	584	-1
900	762	1
900	865	-1
900	980	1
900	994	1
901	91	1
901	247	-1
901	479	-1
901	664	1
901	679	1
901	702	1
902	906	-1
902	920	1
902	957	1
902	970	-1
902	982	1
902	995	1
903	304	1
903	436	1
903	906	-1
903	910	1
903	959	-1
903	969	1
904	256	1
904	521	1
904	806	-1
904	812	-1
904	981	-1
904	988	1
905	14	-1
905	463	-1
905	790	1
905	917	-1
905	962	-1
905	990	-1
906	329	-1
906	794	1
906	920	1
906	931	1
906	960	1
906	995	1
907	581	1
907	958	-1
907	964	-1
907	973	1
907	984	1
907	998	1
908	136	1
908	279	1
908	917	1
908	935	1
908	951	1
908	998	1
909	453	-1
909	653	1
909	883	-1
909	918	1
909	961	-1
909	984	1
910	532	-1
910	638	-1
910	645	-1
910	934	1
910	983	1
910	999	1
911	675	-1
911	873	1
911	935	-1
911	970	1
911	988	1
911	991	1
912	112	1
912	698	-1
912	913	1
912	919	1
912	950	1
912	976	-1
913	93	-1
913	111	1
913	647	1
913	705	1
913	785	1
913	927	-1
914	12	-1
914	622	1
914	627	-1
914	973	1
914	979	-1
914	998	1
915	681	-1
915	777	1
915	858	-1
915	912	-1
915	941	-1
915	976	1
916	753	-1
916	823	-1
916	926	-1
916	975	1
916	978	1
916	994	1
917	125	1
917	727	1
917	887	-1
917	905	-1
917	971	-1
917	984	1
918	638	1
918	892	-1
918	936	1
918	969	1
918	979	-1
918	984	-1
919	518	1
919	554	-1
919	754	-1
919	947	1
919	985	-1
919	996	1
920	89	-1
920	473	1
920	570	1
920	695	1
920	986	-1
920	995	1
921	752	1
921	957	1
921	959	1
921	960	1
921	976	-1
921	987	-1
922	19	-1
922	296	1
922	626	-1
922	950	-1
922	953	1
922	988	1
923	253	1
923	505	-1
923	692	-1
923	993	-1
923	998	-1
923	999	1
924	643	1
924	759	1
924	898	1
924	911	-1
924	952	1
924	967	1
925	415	1
925	551	-1
925	838	-1
925	900	1
925	980	1
925	992	-1
926	595	-1
926	664	1
926	915	-1
926	951	1
926	964	-1
926	981	1
927	641	-1
927	844	-1
927	924	1
927	949	-1
927	964	-1
927	976	1
928	278	-1
928	300	1
928	784	1
928	957	-1
928	965	-1
928	969	1
929	71	1
929	472	-1
929	829	-1
929	991	-1
929	992	-1
929	993	1
930	261	1
930	897	1
930	934	1
930	963	1
930	986	-1
930	991	-1
931	946	1
931	957	1
931	962	-1
931	982	1
931	995	1
931	997	-1
932	593	1
932	601	1
932	699	-1
932	991	-1
932	992	1
932	996	-1
933	115	-1
933	411	1
933	951	1
933	958	1
933	980	1
933	990	1
934	158	-1
934	417	-1
934	935	1
934	983	-1
934	998	1
934	999	-1
935	542	-1
935	676	1
935	817	-1
935	910	1
935	936	1
935	971	-1
936	177	1
936	451	-1
936	757	1
936	910	1
936	914	1
936	942	-1
937	145	-1
937	439	-1
937	623	1
937	930	1
937	950	-1
937	989	-1
938	66	1
938	519	1
938	613	1
938	658	1
938	787	-1
938	976	1
939	543	1
939	748	1
939	872	-1
939	948	1
939	970	1
939	971	1
940	104	1
940	347	-1
940	957	-1
940	966	-1
940	988	-1
940	997	-1
941	742	1
941	856	-1
941	944	1
941	955	1
941	966	-1
941	994	1
942	570	1
942	635	1
942	956	-1
942	960	1
942	986	1
942	995	1
943	772	1
943	865	1
943	870	1
943	935	1
943	992	1
943	995	-1
944	800	1
944	845	1
944	955	1
944	962	-1
944	994	-1
944	995	1
945	699	1
945	705	1
945	931	1
945	956	1
945	984	-1
945	990	1
946	548	-1
946	739	1
946	869	1
946	921	1
946	945	1
946	956	1
947	608	1
947	791	-1
947	927	-1
947	948	1
947	950	1
947	973	-1
948	162	-1
948	777	1
948	854	-1
948	952	1
948	957	1
948	996	1
949	73	-1
949	196	1
949	384	1
949	948	-1
949	974	1
949	980	-1
950	517	1
950	799	-1
950	922	-1
950	947	1
950	971	1
950	997	-1
951	691	1
951	763	-1
951	877	-1
951	926	1
951	969	-1
951	985	1
952	120	1
952	842	-1
952	875	-1
952	887	-1
952	930	1
952	937	1
953	616	-1
953	682	-1
953	789	1
953	827	-1
953	939	1
953	983	1
954	55	1
954	709	1
954	741	1
954	809	1
954	815	1
954	936	-1
955	464	-1
955	560	1
955	654	-1
955	688	-1
955	716	1
955	979	1
956	652	-1
956	920	1
956	945	1
956	946	1
956	982	-1
956	987	1
957	190	-1
957	315	1
957	417	1
957	837	1
957	956	1
957	985	-1
958	740	-1
958	803	-1
958	825	-1
958	951	1
958	955	-1
958	990	1
959	324	1
959	632	1
959	708	1
959	854	1
959	969	-1
959	986	1
960	142	1
960	307	1
960	610	-1
960	921	1
960	987	1
960	995	1
961	661	1
961	753	-1
961	825	-1
961	908	-1
961	940	1
961	990	-1
962	511	1
962	614	1
962	818	-1
962	966	-1
962	968	-1
962	980	1
963	244	-1
963	948	-1
963	953	1
963	977	-1
963	991	1
963	996	1
964	240	1
964	545	-1
964	786	-1
964	787	1
964	943	-1
964	997	-1
965	305	1
965	386	1
965	663	-1
965	907	-1
965	918	1
965	934	1
966	881	1
966	926	-1
966	951	1
966	965	1
966	989	1
966	998	-1
967	510	1
967	595	1
967	691	-1
967	725	1
967	979	-1
967	990	1
968	218	1
968	520	-1
968	754	-1
968	962	1
968	983	1
968	993	1
969	126	1
969	466	1
969	793	1
969	909	1
969	988	-1
969	992	-1
970	838	1
970	940	-1
970	963	1
970	968	-1
970	981	1
970	988	-1
971	392	1
971	557	-1
971	565	-1
971	838	1
971	912	1
971	984	-1
972	73	-1
972	355	1
972	685	1
972	843	1
972	896	-1
972	996	-1
973	314	-1
973	492	1
973	765	1
973	784	1
973	821	-1
973	903	1
974	67	1
974	701	-1
974	861	-1
974	874	-1
974	944	-1
974	949	1
975	4	-1
975	248	1
975	609	1
975	771	1
975	944	-1
975	968	1
976	188	-1
976	344	1
976	437	-1
976	701	-1
976	939	1
976	997	-1
977	75	1
977	280	1
977	567	1
977	780	1
977	831	-1
977	941	1
978	126	-1
978	659	-1
978	703	-1
978	799	-1
978	996	-1
978	999	1
979	54	-1
979	71	-1
979	176	-1
979	779	1
979	964	-1
979	967	-1
980	441	-1
980	892	1
980	975	1
980	983	-1
980	993	1
980	994	1
981	509	1
981	829	1
981	832	1
981	839	1
981	958	-1
981	966	1
982	79	1
982	851	1
982	957	1
982	987	1
982	995	1
982	999	-1
983	590	1
983	644	-1
983	785	1
983	834	-1
983	871	1
983	994	-1
984	228	-1
984	806	-1
984	896	1
984	904	-1
984	983	1
984	985	-1
985	119	-1
985	385	1
985	390	-1
985	804	-1
985	866	-1
985	990	1
986	225	-1
986	862	1
986	870	-1
986	906	1
986	921	1
986	992	-1
987	615	1
987	618	-1
987	699	1
987	982	1
987	986	1
987	990	-1
988	296	1
988	375	-1
988	676	1
988	844	1
988	952	1
988	982	-1
989	244	1
989	562	-1
989	648	-1
989	799	1
989	876	1
989	966	1
990	138	-1
990	161	1
990	179	1
990	984	-1
990	985	1
990	999	-1
991	26	1
991	756	1
991	888	-1
991	938	1
991	976	1
991	996	-1
992	680	1
992	825	1
992	971	-1
992	978	-1
992	988	-1
992	997	1
993	409	-1
993	495	1
993	857	-1
993	968	1
993	980	1
993	996	-1
994	685	1
994	790	-1
994	877	1
994	972	-1
994	975	-1
994	991	-1
995	699	1
995	839	-1
995	852	-1
995	873	1
995	945	1
995	959	1
996	846	1
996	913	-1
996	915	1
996	924	-1
996	939	1
996	984	1
997	283	-1
997	796	-1
997	835	-1
997	848	1
997	870	1
997	992	1
998	580	-1
998	907	-1
998	914	1
998	928	-1
998	980	-1
998	999	1
999	660	-1
999	703	-1
999	847	-1
999	919	-1
999	934	-1
999	979	1
