0	732	1
0	818	1
0	879	-1
0	920	-1
0	958	1
0	978	-1
1	742	1
1	765	-1
1	934	1
1	965	1
1	970	1
1	996	1
1	997	-1
2	492	-1
2	794	1
2	879	1
2	909	1
2	933	1
2	958	1
2	981	1
3	225	1
3	805	1
3	810	-1
3	929	-1
3	951	1
3	993	1
4	427	1
4	432	1
4	546	-1
4	867	1
4	958	1
4	969	-1
4	986	1
5	103	1
5	836	1
5	935	1
5	969	1
5	975	-1
5	993	1
6	488	1
6	687	1
6	864	-1
6	890	1
6	954	1
6	987	1
6	993	-1
7	115	-1
7	899	1
7	928	-1
7	941	1
7	977	1
7	987	1
7	991	1
8	419	1
8	672	1
8	823	-1
8	949	1
8	950	1
8	995	1
9	278	-1
9	779	-1
9	816	-1
9	885	1
9	927	1
9	956	1
9	996	1
10	308	1
10	475	1
10	805	1
10	864	1
10	873	1
10	910	1
10	969	-1
11	150	1
11	749	1
11	922	1
11	942	1
11	970	1
11	992	1
11	997	1
12	303	-1
12	616	1
12	830	1
12	900	1
12	957	1
12	976	1
12	990	1
13	628	1
13	656	1
13	961	1
13	971	-1
13	978	1
13	983	1
14	613	1
14	632	1
14	635	1
14	855	1
14	961	1
14	966	1
14	973	1
15	32	1
15	60	1
15	602	1
15	730	1
15	986	1
15	991	-1
16	158	1
16	639	1
16	743	1
16	939	1
16	965	1
16	974	1
16	992	-1
17	757	1
17	871	1
17	926	-1
17	945	-1
17	990	1
17	998	1
18	337	1
18	654	1
18	674	1
18	868	-1
18	944	1
18	946	1
18	989	-1
19	140	1
19	261	1
19	751	1
19	827	1
19	869	1
19	910	1
19	993	1
20	621	-1
20	709	1
20	759	-1
20	834	-1
20	929	1
20	935	1
20	969	1
21	605	-1
21	843	1
21	878	1
21	906	1
21	941	-1
21	987	1
22	166	1
22	360	1
22	586	-1
22	724	-1
22	976	-1
22	999	1
23	479	1
23	900	-1
23	940	1
23	968	1
23	976	1
23	998	1
23	999	1
24	1	1
24	922	1
24	934	1
24	959	1
24	960	1
24	965	1
24	996	1
25	342	1
25	855	1
25	866	1
25	933	1
25	983	1
25	985	1
25	989	1
26	195	1
26	356	1
26	791	1
26	927	1
26	962	-1
26	992	1
26	996	-1
27	90	1
27	412	1
27	685	-1
27	824	-1
27	825	1
27	969	1
28	125	1
28	749	1
28	774	1
28	787	1
28	832	1
28	960	-1
28	997	1
29	698	1
29	832	1
29	959	1
29	982	1
29	992	1
29	996	1
29	997	1
30	85	-1
30	630	-1
30	694	1
30	776	1
30	966	-1
30	986	1
30	991	1
31	644	1
31	773	1
31	947	-1
31	968	1
31	984	1
31	990	-1
32	133	-1
32	199	1
32	341	-1
32	424	-1
32	600	1
32	748	1
32	991	1
33	130	1
33	330	1
33	565	1
33	652	1
33	919	1
33	994	1
34	409	-1
34	571	1
34	878	-1
34	906	-1
34	987	1
34	991	1
35	342	1
35	407	1
35	423	1
35	613	1
35	985	1
35	989	-1
36	197	1
36	617	1
36	692	1
36	863	1
36	871	1
36	957	1
36	998	-1
37	734	1
37	784	1
37	913	-1
37	932	1
37	977	1
37	981	1
38	17	1
38	420	-1
38	557	1
38	924	-1
38	957	1
38	968	1
39	241	-1
39	408	1
39	464	1
39	773	-1
39	781	-1
39	968	1
39	976	1
40	672	1
40	735	-1
40	758	-1
40	795	1
40	891	1
40	994	1
41	596	1
41	693	-1
41	845	1
41	896	1
41	932	1
41	989	1
42	578	1
42	627	1
42	715	1
42	881	-1
42	907	1
42	991	1
43	429	1
43	650	-1
43	869	1
43	918	1
43	951	1
43	969	-1
43	993	-1
44	134	1
44	598	1
44	913	1
44	953	1
44	977	1
44	981	1
44	988	1
45	13	1
45	523	1
45	855	1
45	930	-1
45	961	1
45	973	-1
45	988	1
46	704	1
46	739	1
46	959	1
46	965	-1
46	982	-1
46	996	1
46	997	-1
47	145	-1
47	222	1
47	361	1
47	765	1
47	841	1
47	918	1
47	951	1
48	199	-1
48	248	1
48	430	-1
48	753	1
48	849	1
48	859	1
48	986	1
49	110	-1
49	475	1
49	583	1
49	918	1
49	969	-1
49	971	-1
49	996	-1
50	118	-1
50	561	1
50	915	-1
50	922	1
50	963	1
50	974	1
50	996	-1
51	384	1
51	611	1
51	892	-1
51	945	1
51	968	1
51	986	-1
51	998	1
52	721	1
52	741	1
52	900	1
52	924	1
52	926	1
52	984	1
52	999	1
53	497	1
53	791	1
53	936	1
53	962	1
53	982	1
53	992	1
53	997	-1
54	417	1
54	598	1
54	729	-1
54	790	1
54	964	1
54	967	1
54	985	1
55	624	1
55	791	1
55	937	-1
55	970	1
55	982	1
55	992	1
55	997	1
56	244	1
56	544	1
56	794	1
56	819	-1
56	938	1
56	978	1
56	981	1
57	482	1
57	570	-1
57	784	1
57	854	1
57	971	1
57	985	1
57	989	-1
58	60	1
58	314	-1
58	525	-1
58	677	-1
58	953	-1
58	954	1
58	986	1
59	175	1
59	472	1
59	836	-1
59	969	-1
59	975	-1
59	982	-1
59	993	1
60	536	-1
60	558	1
60	763	1
60	890	1
60	950	-1
60	954	1
60	987	1
61	394	1
61	660	1
61	710	-1
61	861	1
61	927	1
61	954	1
61	991	1
62	542	1
62	788	1
62	834	1
62	891	1
62	914	-1
62	979	1
62	995	1
63	746	1
63	809	1
63	831	1
63	904	1
63	927	1
63	937	1
63	982	1
64	788	1
64	803	1
64	880	1
64	943	1
64	949	1
64	955	1
64	995	-1
65	216	1
65	593	-1
65	719	-1
65	788	-1
65	856	-1
65	994	1
65	995	1
66	388	-1
66	504	1
66	823	1
66	865	1
66	948	1
66	971	-1
66	995	1
67	459	1
67	513	1
67	841	1
67	869	-1
67	875	-1
67	991	-1
67	993	1
68	141	-1
68	331	1
68	666	1
68	837	-1
68	926	-1
68	972	1
68	999	-1
69	63	1
69	457	1
69	746	1
69	791	1
69	904	1
69	925	1
69	997	1
70	708	-1
70	759	-1
70	767	1
70	813	-1
70	850	1
70	933	1
70	988	1
71	232	-1
71	690	-1
71	783	1
71	890	1
71	954	-1
71	986	1
71	987	1
72	142	1
72	303	1
72	568	-1
72	871	1
72	886	1
72	895	-1
72	999	1
73	545	-1
73	561	-1
73	848	-1
73	862	1
73	927	1
73	970	1
73	996	1
74	468	1
74	654	1
74	952	-1
74	977	1
74	981	1
74	988	1
74	989	-1
75	12	-1
75	712	-1
75	867	1
75	890	1
75	906	1
75	986	-1
75	987	1
76	62	1
76	690	1
76	758	1
76	949	1
76	950	1
76	955	1
76	979	1
77	374	1
77	456	1
77	584	1
77	616	1
77	838	-1
77	957	1
77	979	-1
78	263	-1
78	506	1
78	657	1
78	889	1
78	892	1
78	976	1
78	998	1
79	374	1
79	744	1
79	882	1
79	940	1
79	990	1
79	998	1
79	999	1
80	477	1
80	712	1
80	793	1
80	889	1
80	947	1
80	990	1
80	999	1
81	70	1
81	520	-1
81	656	1
81	854	1
81	973	1
81	983	1
81	989	1
82	161	1
82	786	-1
82	876	1
82	919	1
82	955	1
82	979	1
82	994	-1
83	27	-1
83	164	1
83	827	1
83	929	1
83	975	-1
83	991	-1
83	993	1
84	10	1
84	153	1
84	668	1
84	873	1
84	921	1
84	951	1
84	969	1
85	34	1
85	154	-1
85	421	1
85	710	1
85	797	1
85	941	1
85	987	1
86	121	1
86	449	1
86	777	-1
86	798	1
86	874	-1
86	964	1
86	977	1
87	603	1
87	878	1
87	892	1
87	941	1
87	956	-1
87	958	-1
87	992	1
88	436	1
88	850	1
88	938	-1
88	944	1
88	973	1
88	978	1
88	988	1
89	477	-1
89	803	1
89	876	1
89	948	1
89	949	1
89	994	1
89	995	1
90	160	-1
90	472	-1
90	491	1
90	699	1
90	969	1
90	975	1
90	993	1
91	914	1
91	925	-1
91	974	-1
91	982	1
91	992	-1
91	996	1
91	997	-1
92	200	1
92	207	1
92	519	-1
92	723	1
92	888	1
92	906	1
92	990	-1
93	130	-1
93	783	1
93	797	1
93	874	1
93	959	-1
93	984	-1
93	991	1
94	88	1
94	449	1
94	550	1
94	588	1
94	790	1
94	958	-1
94	973	1
95	860	1
95	895	-1
95	900	1
95	984	1
95	990	1
95	998	1
95	999	1
96	522	1
96	711	1
96	874	-1
96	966	1
96	967	1
96	980	1
96	989	1
97	93	1
97	111	-1
97	244	-1
97	280	1
97	726	-1
97	776	-1
97	972	-1
98	259	1
98	435	1
98	680	1
98	702	1
98	877	1
98	879	1
98	988	1
99	439	-1
99	809	1
99	904	-1
99	962	1
99	970	1
99	996	1
99	997	1
100	352	1
100	814	-1
100	882	1
100	951	-1
100	968	1
100	972	1
100	998	1
101	30	1
101	75	1
101	277	1
101	603	1
101	878	-1
101	976	-1
101	996	1
102	721	1
102	824	1
102	869	1
102	969	1
102	975	1
102	991	-1
102	993	1
103	105	-1
103	184	1
103	513	1
103	761	1
103	848	-1
103	975	1
103	993	1
104	165	1
104	285	1
104	577	1
104	786	1
104	958	1
104	967	1
104	981	1
105	460	1
105	512	-1
105	761	1
105	969	1
105	975	1
105	993	1
105	998	-1
106	11	1
106	50	-1
106	722	1
106	738	1
106	914	1
106	936	1
106	997	-1
107	215	-1
107	736	-1
107	845	1
107	877	1
107	879	1
107	964	1
107	966	-1
108	387	1
108	566	1
108	655	1
108	862	-1
108	905	1
108	954	1
108	991	1
109	262	1
109	934	1
109	939	1
109	956	1
109	963	1
109	965	1
109	970	1
110	5	1
110	311	1
110	574	-1
110	618	-1
110	721	1
110	910	1
110	983	1
111	371	-1
111	795	1
111	852	1
111	872	-1
111	979	1
111	994	1
111	995	-1
112	492	1
112	812	1
112	946	1
112	953	-1
112	958	1
112	961	1
112	980	-1
113	340	1
113	469	1
113	681	1
113	838	-1
113	860	1
113	892	1
113	984	1
114	443	1
114	620	-1
114	790	1
114	884	-1
114	958	1
114	961	-1
114	983	1
115	88	1
115	198	1
115	219	1
115	928	-1
115	958	1
115	967	1
115	971	1
116	768	-1
116	787	-1
116	816	1
116	925	1
116	936	1
116	960	1
116	992	1
117	205	-1
117	507	1
117	614	1
117	839	1
117	886	1
117	909	1
117	950	-1
118	46	1
118	257	1
118	789	1
118	898	1
118	922	1
118	982	1
118	997	1
119	749	1
119	754	1
119	831	1
119	939	1
119	963	1
119	970	1
119	992	1
120	49	1
120	566	-1
120	810	1
120	836	1
120	875	-1
120	982	1
120	993	-1
121	41	1
121	828	-1
121	835	1
121	840	1
121	854	-1
121	953	1
121	985	1
122	205	-1
122	834	1
122	912	1
122	949	1
122	955	-1
122	994	1
122	995	1
123	424	1
123	697	-1
123	735	1
123	846	1
123	856	-1
123	875	1
123	891	1
124	746	-1
124	886	1
124	948	1
124	955	1
124	979	1
124	994	1
124	995	1
125	109	1
125	437	1
125	832	1
125	862	1
125	885	1
125	982	1
125	997	1
126	202	1
126	647	1
126	729	1
126	759	-1
126	930	1
126	933	1
126	952	-1
127	427	1
127	642	-1
127	705	1
127	913	1
127	971	-1
127	981	1
127	985	1
128	91	-1
128	118	1
128	898	1
128	915	1
128	939	1
128	992	1
128	996	-1
129	139	1
129	660	1
129	704	-1
129	894	1
129	904	1
129	908	-1
129	970	1
129	974	1
130	203	-1
130	346	1
130	565	1
130	614	1
130	672	1
130	835	-1
130	954	-1
131	162	1
131	640	-1
131	717	1
131	931	1
131	980	-1
131	981	1
131	989	1
132	611	1
132	740	1
132	853	1
132	976	1
132	984	1
132	998	1
132	999	1
133	584	1
133	617	1
133	858	1
133	863	1
133	900	-1
133	947	-1
133	990	1
134	806	1
134	850	-1
134	854	1
134	879	1
134	964	-1
134	978	1
134	989	1
135	362	1
135	618	-1
135	623	1
135	685	1
135	810	-1
135	850	-1
135	993	1
136	421	1
136	846	1
136	876	1
136	961	-1
136	979	1
136	982	-1
136	995	1
137	45	-1
137	767	-1
137	777	1
137	952	1
137	975	-1
137	978	1
137	981	1
138	587	1
138	691	1
138	904	1
138	925	1
138	963	1
138	982	1
138	997	1
139	204	1
139	774	1
139	831	1
139	962	1
139	970	-1
139	982	-1
139	992	1
140	229	1
140	486	1
140	574	1
140	716	1
140	864	1
140	975	1
140	993	-1
141	430	1
141	720	1
141	742	1
141	755	-1
141	832	-1
141	922	1
141	992	1
141	997	1
142	568	-1
142	701	1
142	752	1
142	889	1
142	957	1
142	998	1
142	999	1
143	400	1
143	489	1
143	771	1
143	872	1
143	919	1
143	948	1
143	950	1
144	502	1
144	692	1
144	838	-1
144	929	-1
144	940	1
144	968	-1
144	990	1
145	669	1
145	920	1
145	946	1
145	966	1
145	967	-1
145	977	1
145	988	1
146	821	1
146	856	-1
146	892	1
146	911	-1
146	926	1
146	998	1
146	999	1
147	746	1
147	826	1
147	925	1
147	963	1
147	982	1
147	992	1
147	997	1
148	392	1
148	700	1
148	789	1
148	937	1
148	942	1
148	982	-1
148	996	1
149	223	1
149	319	1
149	448	1
149	580	1
149	740	1
149	968	-1
149	999	1
150	9	1
150	116	1
150	667	1
150	904	1
150	922	1
150	934	1
150	992	1
151	101	1
151	286	-1
151	663	1
151	774	1
151	941	1
151	945	1
151	998	-1
152	441	1
152	454	1
152	738	1
152	963	-1
152	992	-1
152	996	1
152	997	1
153	249	1
153	252	-1
153	824	1
153	935	1
153	965	-1
153	981	-1
153	993	1
154	312	1
154	800	-1
154	870	1
154	880	-1
154	943	1
154	955	-1
154	994	1
155	163	1
155	522	1
155	815	-1
155	877	1
155	953	1
155	971	1
155	988	1
156	635	1
156	784	1
156	953	1
156	964	1
156	973	1
156	978	1
156	980	1
157	503	1
157	786	-1
157	802	1
157	930	1
157	967	1
157	980	1
157	985	1
158	746	1
158	772	1
158	832	1
158	898	1
158	956	1
158	970	-1
158	997	1
159	516	1
159	575	-1
159	809	-1
159	922	1
159	963	1
159	996	1
159	997	1
160	657	-1
160	659	-1
160	701	-1
160	814	1
160	968	1
160	984	1
160	990	1
161	322	1
161	554	1
161	823	1
161	846	1
161	955	1
161	976	-1
161	994	1
162	664	1
162	829	-1
162	953	1
162	966	1
162	981	1
162	983	1
162	989	1
163	326	1
163	490	-1
163	848	1
163	894	1
163	925	1
163	992	1
163	996	1
163	997	1
164	10	1
164	249	1
164	459	1
164	645	1
164	662	1
164	864	1
164	970	-1
165	14	1
165	705	1
165	902	1
165	938	-1
165	978	1
165	981	1
165	991	-1
166	217	-1
166	666	1
166	756	1
166	800	1
166	923	1
166	960	-1
166	968	1
167	156	1
167	234	1
167	283	1
167	879	1
167	931	1
167	966	1
167	985	1
168	398	-1
168	715	1
168	799	1
168	841	1
168	954	1
168	987	-1
168	999	-1
169	499	-1
169	667	-1
169	747	1
169	925	1
169	960	1
169	992	1
169	996	-1
170	592	-1
170	844	1
170	861	-1
170	890	1
170	985	-1
170	988	-1
170	996	-1
171	553	1
171	619	-1
171	927	-1
171	939	1
171	956	1
171	962	1
171	982	-1
172	320	1
172	818	-1
172	884	1
172	913	1
172	977	1
172	978	1
172	980	1
173	135	1
173	551	-1
173	685	1
173	810	1
173	822	-1
173	921	1
173	969	1
174	887	1
174	934	1
174	936	1
174	942	1
174	962	-1
174	992	1
174	996	1
175	20	1
175	187	1
175	805	1
175	824	1
175	951	1
175	975	1
175	993	1
176	411	-1
176	671	1
176	738	-1
176	743	1
176	862	1
176	959	1
176	996	1
177	897	1
177	909	1
177	953	-1
177	977	1
177	978	1
177	980	1
177	985	1
178	132	1
178	727	1
178	807	-1
178	863	1
178	882	-1
178	926	1
178	957	1
179	347	1
179	680	-1
179	790	1
179	933	1
179	938	1
179	971	1
179	990	-1
180	635	1
180	732	1
180	802	1
180	877	1
180	973	1
180	981	1
180	985	1
181	502	1
181	725	1
181	799	-1
181	926	1
181	984	1
181	998	-1
181	999	1
182	69	-1
182	720	-1
182	738	1
182	847	1
182	915	1
182	916	1
182	925	1
182	992	1
183	376	-1
183	508	1
183	888	-1
183	890	-1
183	986	1
183	987	1
183	991	1
184	67	1
184	214	1
184	668	1
184	716	1
184	873	1
184	920	1
184	951	1
185	686	1
185	695	1
185	790	1
185	967	1
185	977	1
185	978	1
185	989	1
186	185	1
186	606	-1
186	640	1
186	930	-1
186	947	-1
186	967	-1
186	971	-1
187	84	1
187	532	-1
187	709	1
187	824	1
187	896	-1
187	935	1
187	947	-1
188	588	1
188	670	1
188	874	1
188	964	1
188	967	-1
188	978	1
188	980	1
189	760	-1
189	940	-1
189	945	1
189	957	1
189	983	-1
189	990	1
189	999	1
190	172	1
190	628	1
190	688	-1
190	879	1
190	977	1
190	985	1
190	989	1
191	38	1
191	378	-1
191	744	-1
191	745	-1
191	940	1
191	957	1
191	999	-1
192	483	1
192	676	-1
192	936	1
192	937	1
192	960	-1
192	962	1
192	974	-1
193	465	-1
193	655	-1
193	713	1
193	785	1
193	855	-1
193	859	1
193	921	-1
194	132	1
194	366	-1
194	871	1
194	889	1
194	924	-1
194	968	1
194	998	1
195	738	1
195	791	-1
195	914	1
195	916	1
195	974	-1
195	992	1
195	997	-1
196	476	1
196	644	1
196	782	1
196	924	1
196	990	1
196	998	1
196	999	-1
197	224	1
197	518	1
197	757	1
197	820	-1
197	860	1
197	892	-1
197	957	1
198	642	1
198	828	1
198	964	1
198	971	1
198	985	1
198	988	1
198	989	1
199	284	1
199	293	1
199	328	1
199	455	1
199	714	1
199	954	1
199	991	1
200	170	-1
200	627	1
200	861	1
200	881	1
200	890	1
200	991	1
200	993	-1
201	855	1
201	868	1
201	931	1
201	953	1
201	958	1
201	971	1
201	989	1
202	131	1
202	462	1
202	649	1
202	705	-1
202	961	1
202	978	-1
202	985	1
203	631	1
203	670	1
203	745	1
203	953	1
203	967	-1
203	988	1
203	989	1
204	237	1
204	722	1
204	848	-1
204	898	1
204	974	1
204	996	1
204	997	-1
205	324	-1
205	697	1
205	737	-1
205	852	1
205	856	1
205	865	1
205	948	-1
206	379	1
206	631	1
206	693	1
206	790	1
206	812	-1
206	855	-1
206	978	1
207	136	1
207	803	1
207	870	-1
207	919	1
207	954	-1
207	994	-1
207	995	1
208	439	-1
208	539	1
208	671	1
208	704	-1
208	915	1
208	925	1
208	942	1
209	707	-1
209	729	-1
209	835	1
209	909	1
209	944	1
209	966	1
209	977	-1
210	444	1
210	527	1
210	697	1
210	788	1
210	803	1
210	849	-1
210	948	1
211	113	-1
211	596	-1
211	830	1
211	895	1
211	968	1
211	976	1
211	984	-1
212	398	1
212	556	-1
212	726	1
212	769	1
212	888	1
212	929	1
212	986	1
213	466	-1
213	603	1
213	817	1
213	861	1
213	917	1
213	954	1
213	987	1
214	452	-1
214	709	1
214	910	1
214	921	1
214	954	-1
214	975	1
214	993	1
215	775	1
215	802	1
215	815	1
215	930	1
215	958	-1
215	967	1
215	988	1
216	297	1
216	403	1
216	676	-1
216	876	1
216	880	1
216	994	1
216	995	1
217	871	1
217	900	1
217	923	1
217	945	1
217	984	1
217	998	1
217	999	1
218	734	-1
218	764	1
218	897	1
218	938	-1
218	971	1
218	985	-1
218	989	1
219	573	1
219	902	1
219	913	1
219	930	1
219	966	1
219	967	1
219	980	1
220	65	-1
220	760	1
220	895	1
220	947	1
220	972	1
220	976	1
220	984	1
221	71	1
221	350	1
221	781	-1
221	883	1
221	893	1
221	906	-1
221	991	1
222	42	-1
222	105	1
222	472	1
222	673	1
222	918	1
222	975	1
222	993	1
223	463	1
223	464	1
223	595	1
223	860	1
223	898	1
223	976	1
223	999	1
224	644	-1
224	757	1
224	793	1
224	833	1
224	901	-1
224	924	1
224	957	1
225	218	-1
225	650	1
225	732	1
225	921	1
225	935	-1
225	951	1
225	993	-1
226	138	-1
226	301	-1
226	694	-1
226	817	1
226	904	1
226	987	1
226	991	1
227	541	-1
227	778	1
227	950	1
227	979	1
227	986	-1
227	994	1
227	995	1
228	658	-1
228	725	-1
228	770	-1
228	816	1
228	826	-1
228	966	-1
228	986	1
229	364	1
229	648	1
229	881	-1
229	900	-1
229	910	-1
229	941	1
229	986	1
230	29	-1
230	99	1
230	496	1
230	942	1
230	956	1
230	992	1
230	997	1
231	192	1
231	658	-1
231	727	1
231	906	1
231	907	1
231	974	-1
231	991	-1
232	328	1
232	418	1
232	677	1
232	754	-1
232	803	-1
232	820	1
232	861	1
233	212	1
233	604	-1
233	769	1
233	899	1
233	954	1
233	986	1
233	991	1
234	706	1
234	775	-1
234	897	1
234	928	1
234	952	1
234	953	1
234	983	1
235	395	1
235	670	1
235	928	1
235	932	1
235	971	-1
235	973	-1
235	977	1
236	221	1
236	866	-1
236	905	1
236	907	1
236	917	-1
236	987	1
236	998	1
237	765	1
237	916	-1
237	959	1
237	974	-1
237	982	1
237	996	1
237	997	1
238	571	-1
238	701	1
238	740	1
238	858	1
238	972	-1
238	984	-1
238	999	1
239	32	1
239	677	1
239	817	-1
239	884	-1
239	917	-1
239	987	1
239	991	1
240	206	-1
240	235	-1
240	562	1
240	857	1
240	978	-1
240	981	1
240	983	1
241	756	1
241	814	1
241	838	1
241	976	1
241	984	-1
241	987	-1
241	998	1
242	850	1
242	928	1
242	967	1
242	973	1
242	978	-1
242	988	1
242	989	1
243	610	1
243	612	-1
243	649	-1
243	849	1
243	917	-1
243	941	1
243	954	1
244	44	-1
244	402	-1
244	620	1
244	759	-1
244	952	1
244	966	1
244	980	1
245	257	1
245	318	1
245	437	1
245	691	1
245	862	1
245	982	-1
245	997	1
246	683	-1
246	810	1
246	827	1
246	864	1
246	875	1
246	935	1
246	951	1
247	142	1
247	241	1
247	343	1
247	793	1
247	940	1
247	957	1
247	984	1
248	431	-1
248	717	-1
248	769	1
248	836	1
248	928	-1
248	979	1
248	987	1
249	157	-1
249	348	1
249	552	1
249	618	1
249	935	1
249	975	1
249	979	1
250	511	1
250	726	1
250	737	-1
250	797	-1
250	974	-1
250	986	1
250	987	-1
251	363	1
251	741	1
251	811	1
251	814	1
251	860	1
251	973	-1
251	984	1
252	272	-1
252	716	1
252	831	-1
252	921	-1
252	969	1
252	971	-1
252	993	-1
253	53	1
253	169	1
253	816	1
253	942	1
253	970	1
253	996	-1
253	997	1
254	126	1
254	313	1
254	656	1
254	944	-1
254	952	1
254	953	-1
254	985	1
255	785	-1
255	824	-1
255	899	1
255	907	1
255	934	-1
255	987	1
255	991	1
256	260	1
256	369	-1
256	438	1
256	950	-1
256	969	-1
256	979	-1
256	995	1
257	292	1
257	904	1
257	915	1
257	939	1
257	960	1
257	965	1
257	992	1
258	491	1
258	682	1
258	845	1
258	910	1
258	929	1
258	935	1
258	969	-1
259	126	1
259	165	1
259	480	1
259	877	1
259	902	-1
259	932	-1
259	957	-1
260	585	1
260	719	1
260	795	1
260	852	1
260	912	1
260	994	-1
260	995	1
261	460	1
261	770	1
261	858	1
261	918	-1
261	921	1
261	975	-1
261	993	1
262	847	1
262	914	1
262	960	1
262	962	1
262	965	1
262	970	1
262	992	-1
263	144	1
263	276	1
263	563	1
263	800	1
263	940	1
263	945	-1
263	990	1
264	577	1
264	813	1
264	819	1
264	868	1
264	932	1
264	966	1
264	971	1
265	336	1
265	628	1
265	813	1
265	946	1
265	953	1
265	978	1
265	981	1
266	660	1
266	746	-1
266	774	1
266	791	1
266	894	1
266	960	-1
266	996	1
267	647	1
267	669	1
267	798	-1
267	819	1
267	966	-1
267	967	1
267	977	1
268	173	1
268	429	1
268	646	-1
268	699	1
268	836	1
268	906	-1
268	987	-1
269	846	1
269	912	1
269	943	1
269	949	1
269	979	1
269	994	1
269	997	1
270	355	1
270	577	1
270	631	1
270	649	1
270	884	1
270	980	1
270	981	1
271	718	1
271	728	-1
271	762	1
271	843	1
271	905	1
271	987	1
271	991	1
272	264	1
272	436	1
272	608	-1
272	792	1
272	961	1
272	978	1
272	989	-1
273	91	1
273	749	1
273	887	-1
273	894	1
273	970	1
273	992	1
273	997	-1
274	69	1
274	561	1
274	587	1
274	915	-1
274	922	1
274	927	1
274	974	1
274	997	1
275	51	1
275	306	1
275	833	1
275	900	-1
275	940	-1
275	972	1
275	999	1
276	385	1
276	780	1
276	871	1
276	923	1
276	947	1
276	990	1
276	999	1
277	579	-1
277	687	1
277	763	1
277	905	1
277	954	1
277	972	-1
277	991	1
278	334	1
278	809	-1
278	914	1
278	960	1
278	963	1
278	970	1
278	997	1
279	500	1
279	781	1
279	895	1
279	923	1
279	926	1
279	984	1
279	986	-1
280	92	-1
280	287	1
280	406	-1
280	647	1
280	986	1
280	987	1
280	991	-1
281	21	1
281	215	1
281	354	1
281	689	-1
281	917	1
281	941	1
281	991	1
282	136	-1
282	778	1
282	885	-1
282	919	1
282	979	1
282	989	-1
282	995	1
283	86	1
283	560	1
283	562	1
283	632	1
283	877	1
283	938	1
283	983	1
284	323	1
284	555	1
284	589	-1
284	838	-1
284	899	1
284	964	1
284	988	-1
285	798	1
285	851	1
285	857	-1
285	932	1
285	978	1
285	988	1
285	989	-1
286	488	1
286	543	1
286	748	1
286	843	-1
286	954	1
286	986	-1
286	987	1
287	718	-1
287	797	1
287	884	-1
287	927	-1
287	934	-1
287	948	-1
287	982	1
288	66	1
288	554	1
288	880	1
288	886	1
288	891	1
288	994	-1
288	995	1
289	752	-1
289	780	1
289	895	1
289	923	1
289	976	1
289	984	1
289	990	1
290	253	-1
290	294	1
290	826	1
290	937	1
290	992	1
290	996	1
290	997	-1
291	228	1
291	332	1
291	493	1
291	620	-1
291	663	1
291	813	-1
291	906	1
292	747	1
292	903	1
292	908	1
292	925	1
292	934	1
292	942	-1
292	997	1
293	108	1
293	233	1
293	798	-1
293	917	1
293	967	-1
293	986	-1
293	991	1
294	691	-1
294	755	1
294	887	1
294	904	1
294	914	-1
294	962	-1
294	974	1
295	45	1
295	622	1
295	679	1
295	902	1
295	958	1
295	978	1
295	983	-1
296	898	1
296	927	1
296	937	1
296	962	-1
296	974	1
296	992	1
296	997	1
297	471	1
297	498	-1
297	690	-1
297	840	1
297	943	1
297	950	1
297	994	1
298	143	1
298	371	1
298	750	-1
298	948	1
298	955	1
298	979	1
298	995	1
299	404	1
299	659	1
299	821	1
299	933	-1
299	990	-1
299	998	1
299	999	1
300	86	1
300	487	1
300	857	-1
300	897	-1
300	932	1
300	978	-1
300	980	1
301	302	1
301	593	1
301	771	-1
301	872	-1
301	950	1
301	967	-1
301	995	-1
302	256	-1
302	527	1
302	846	1
302	870	-1
302	872	1
302	948	1
302	995	-1
303	238	1
303	534	1
303	692	1
303	756	1
303	940	1
303	972	1
303	976	1
304	456	1
304	701	1
304	968	1
304	984	-1
304	990	1
304	998	-1
304	999	1
305	100	1
305	385	1
305	724	1
305	957	-1
305	981	1
305	984	-1
305	999	1
306	52	1
306	378	1
306	420	-1
306	518	1
306	892	1
306	998	1
306	999	1
307	141	1
307	575	-1
307	639	1
307	754	1
307	956	1
307	962	1
307	996	-1
308	429	1
308	474	-1
308	753	1
308	969	-1
308	975	1
308	977	-1
308	993	1
309	547	1
309	826	1
309	925	1
309	939	-1
309	992	1
309	996	1
309	997	1
310	305	1
310	370	1
310	536	-1
310	889	-1
310	901	1
310	998	1
310	999	1
311	83	1
311	805	1
311	829	-1
311	918	1
311	929	1
311	969	-1
311	993	1
312	825	-1
312	834	1
312	919	1
312	943	1
312	994	1
312	995	1
312	996	-1
313	745	1
313	933	-1
313	938	1
313	977	1
313	980	1
313	981	1
313	983	-1
314	195	-1
314	934	1
314	942	1
314	956	1
314	992	1
314	996	1
314	997	1
315	29	1
315	772	1
315	847	1
315	934	1
315	960	1
315	963	-1
315	997	1
316	6	1
316	146	-1
316	365	1
316	413	-1
316	730	1
316	859	1
316	986	1
317	422	1
317	580	1
317	714	-1
317	756	1
317	773	1
317	901	1
317	972	-1
318	445	1
318	804	1
318	887	1
318	936	1
318	962	-1
318	996	1
318	997	1
319	79	-1
319	442	-1
319	972	1
319	984	1
319	990	1
319	998	-1
319	999	1
320	461	1
320	896	1
320	902	1
320	977	1
320	981	1
320	983	1
320	988	1
321	601	1
321	671	1
321	739	-1
321	768	1
321	862	1
321	962	1
321	992	1
322	62	-1
322	400	1
322	569	-1
322	684	-1
322	778	1
322	823	1
322	995	1
323	534	-1
323	703	-1
323	769	1
323	807	-1
323	821	-1
323	969	-1
323	986	1
324	40	1
324	288	1
324	471	1
324	696	-1
324	697	1
324	912	1
324	995	1
325	724	1
325	795	-1
325	800	-1
325	811	1
325	858	-1
325	923	1
325	999	1
326	24	1
326	575	1
326	667	1
326	908	1
326	962	1
326	974	1
326	982	-1
327	269	1
327	307	-1
327	690	1
327	750	1
327	872	-1
327	979	1
327	995	1
328	559	1
328	750	-1
328	852	1
328	861	1
328	881	1
328	905	-1
328	987	1
329	6	1
329	409	1
329	728	1
329	820	1
329	871	-1
329	888	1
329	986	1
330	582	1
330	839	1
330	856	1
330	943	1
330	979	-1
330	994	1
330	995	1
331	549	1
331	901	1
331	923	1
331	924	1
331	957	1
331	976	1
331	984	-1
332	293	-1
332	678	1
332	713	1
332	842	1
332	883	-1
332	954	1
332	991	1
333	51	1
333	537	1
333	871	1
333	947	1
333	957	1
333	990	1
333	999	-1
334	439	1
334	496	1
334	832	1
334	847	1
334	887	1
334	942	1
334	974	1
335	188	1
335	932	1
335	946	1
335	966	1
335	977	-1
335	981	1
335	991	-1
336	0	-1
336	550	1
336	707	-1
336	813	1
336	909	1
336	967	-1
336	983	1
337	544	-1
337	613	1
337	902	1
337	944	-1
337	946	1
337	973	1
337	981	1
338	154	1
338	327	1
338	891	1
338	973	-1
338	979	1
338	994	-1
338	995	1
339	394	1
339	728	-1
339	731	1
339	926	1
339	945	1
339	976	1
339	984	1
340	79	1
340	310	-1
340	525	1
340	895	1
340	945	1
340	998	1
340	999	1
341	434	-1
341	748	1
341	844	1
341	867	1
341	878	1
341	881	1
341	902	-1
342	357	1
342	514	1
342	686	1
342	835	1
342	931	-1
342	958	1
342	980	1
343	238	1
343	674	1
343	725	1
343	760	1
343	924	1
343	968	-1
343	999	-1
344	159	1
344	675	1
344	742	1
344	804	1
344	956	1
344	959	1
344	992	1
344	996	1
344	997	1
345	122	1
345	541	1
345	565	1
345	792	-1
345	865	1
345	955	1
345	992	-1
346	33	-1
346	582	-1
346	808	1
346	873	-1
346	979	1
346	992	-1
346	994	1
347	794	1
347	868	1
347	928	1
347	964	1
347	971	1
347	977	1
347	990	-1
348	30	-1
348	595	-1
348	751	1
348	864	1
348	907	-1
348	951	1
348	978	1
349	508	1
349	859	1
349	867	-1
349	899	-1
349	968	-1
349	970	-1
349	986	1
350	21	1
350	316	1
350	341	-1
350	886	-1
350	947	-1
350	991	1
350	992	-1
351	711	1
351	818	1
351	829	1
351	913	1
351	967	1
351	973	-1
351	977	1
352	22	1
352	644	1
352	968	1
352	976	-1
352	984	1
352	990	-1
352	998	1
353	270	1
353	417	1
353	946	1
353	966	1
353	977	1
353	981	1
353	985	1
354	560	1
354	605	1
354	658	1
354	710	1
354	796	1
354	799	1
354	986	1
355	351	-1
355	560	1
355	588	-1
355	928	1
355	971	1
355	980	1
355	989	1
356	159	1
356	406	1
356	415	1
356	898	1
356	937	1
356	959	1
356	996	1
357	114	1
357	137	1
357	606	1
357	775	1
357	928	1
357	944	1
357	983	1
358	412	1
358	636	1
358	689	1
358	824	-1
358	875	1
358	951	1
358	963	1
359	540	1
359	883	-1
359	918	1
359	921	1
359	944	-1
359	951	1
359	993	-1
360	78	1
360	133	1
360	782	1
360	837	1
360	976	1
360	998	1
360	999	1
361	348	1
361	668	-1
361	721	1
361	894	-1
361	929	-1
361	951	-1
361	993	-1
362	31	-1
362	751	-1
362	753	1
362	959	-1
362	966	-1
362	969	-1
362	975	1
363	450	-1
363	526	1
363	725	1
363	773	1
363	863	1
363	980	-1
363	990	1
364	291	1
364	365	1
364	842	1
364	844	1
364	890	1
364	912	-1
364	997	-1
365	255	-1
365	380	-1
365	763	1
365	783	1
365	881	-1
365	890	1
365	984	1
366	189	1
366	822	1
366	858	1
366	940	1
366	972	1
366	998	-1
366	999	1
367	741	-1
367	767	-1
367	840	1
367	913	1
367	961	-1
367	980	1
367	985	-1
368	700	1
368	720	1
368	959	1
368	963	1
368	982	1
368	992	-1
368	997	-1
369	455	1
369	677	1
369	678	-1
369	726	1
369	734	-1
369	849	1
369	954	-1
370	924	1
370	947	1
370	976	1
370	984	1
370	990	1
370	998	1
370	999	1
371	870	1
371	912	1
371	950	1
371	979	1
371	989	-1
371	994	1
371	995	1
372	251	1
372	340	1
372	586	1
372	952	-1
372	976	1
372	998	1
372	999	1
373	382	1
373	564	1
373	696	1
373	955	1
373	979	-1
373	994	1
373	995	1
374	727	1
374	741	1
374	760	1
374	822	-1
374	968	1
374	984	-1
374	998	1
375	386	1
375	402	1
375	732	1
375	913	-1
375	928	1
375	971	1
375	989	-1
376	273	1
376	700	1
376	743	-1
376	937	1
376	956	1
376	959	1
376	992	1
377	107	-1
377	480	1
377	646	1
377	688	1
377	958	1
377	966	1
377	973	1
378	529	1
378	570	-1
378	657	1
378	773	-1
378	940	1
378	968	1
378	990	1
379	570	1
379	594	1
379	686	1
379	813	1
379	964	1
379	980	1
379	988	1
380	227	1
380	334	-1
380	909	-1
380	949	1
380	955	1
380	994	1
380	995	1
381	514	-1
381	786	1
381	798	1
381	909	1
381	961	1
381	973	1
381	985	1
382	122	1
382	599	1
382	876	1
382	891	-1
382	943	1
382	955	1
382	995	-1
383	7	1
383	519	1
383	756	-1
383	769	1
383	776	1
383	799	1
383	810	-1
384	837	1
384	889	1
384	940	-1
384	968	1
384	990	1
384	998	1
384	999	1
385	853	1
385	895	1
385	968	1
385	988	-1
385	990	1
385	998	1
385	999	1
386	458	1
386	664	-1
386	679	-1
386	707	1
386	840	1
386	930	-1
386	944	1
387	559	1
387	612	1
387	888	1
387	954	1
387	978	-1
387	991	-1
387	994	-1
388	509	1
388	564	1
388	916	1
388	955	1
388	979	-1
388	994	1
388	995	1
389	779	-1
389	916	1
389	937	1
389	963	1
389	965	1
389	992	1
389	996	1
390	66	1
390	678	-1
390	880	1
390	919	1
390	949	1
390	994	-1
390	995	1
391	540	-1
391	636	1
391	699	1
391	753	1
391	805	1
391	857	-1
391	993	1
392	9	1
392	473	-1
392	481	1
392	516	-1
392	914	1
392	962	1
392	963	1
393	772	1
393	862	1
393	908	1
393	962	-1
393	963	1
393	974	1
393	996	1
394	17	-1
394	822	1
394	923	1
394	945	1
394	984	1
394	985	-1
394	998	1
395	190	1
395	908	-1
395	944	-1
395	973	1
395	978	1
395	985	1
395	989	-1
396	562	1
396	609	1
396	840	1
396	964	1
396	967	1
396	973	-1
396	988	1
397	433	1
397	535	1
397	695	1
397	855	1
397	920	1
397	928	1
397	989	1
398	42	1
398	598	1
398	605	1
398	687	1
398	940	-1
398	986	1
398	987	1
399	97	1
399	442	-1
399	602	-1
399	762	1
399	878	-1
399	883	1
399	962	-1
400	298	1
400	769	1
400	880	1
400	891	1
400	912	1
400	915	1
400	948	1
401	757	1
401	889	1
401	935	-1
401	968	1
401	976	1
401	998	-1
401	999	-1
402	120	1
402	396	1
402	953	-1
402	973	1
402	978	-1
402	980	1
402	989	1
403	339	-1
403	421	1
403	541	1
403	771	-1
403	870	1
403	979	1
403	995	1
404	181	-1
404	615	1
404	666	1
404	712	1
404	821	1
404	976	1
404	990	1
405	705	-1
405	884	1
405	967	1
405	983	1
405	985	-1
405	988	-1
405	989	1
406	531	1
406	538	1
406	754	1
406	956	-1
406	974	1
406	996	1
406	997	-1
407	751	1
407	819	1
407	828	-1
407	857	1
407	946	-1
407	952	1
407	980	1
408	39	1
408	892	1
408	968	1
408	976	-1
408	997	-1
408	998	1
408	999	1
409	61	1
409	212	-1
409	287	1
409	677	1
409	715	1
409	954	1
409	983	-1
410	330	1
410	485	1
410	783	1
410	865	1
410	876	-1
410	943	1
410	979	1
411	624	1
411	700	1
411	956	1
411	974	1
411	982	1
411	996	1
411	997	1
412	650	1
412	673	1
412	709	1
412	738	-1
412	782	-1
412	869	1
412	975	1
413	815	1
413	840	-1
413	971	1
413	973	1
413	978	-1
413	980	1
413	989	1
414	167	1
414	952	1
414	964	1
414	971	1
414	977	1
414	983	1
414	989	1
415	914	1
415	925	1
415	934	1
415	974	1
415	982	1
415	992	1
415	997	1
416	139	1
416	392	1
416	675	1
416	959	1
416	970	-1
416	992	-1
416	997	-1
417	162	1
417	433	1
417	812	1
417	933	1
417	953	1
417	980	-1
417	983	1
418	34	1
418	606	-1
418	678	1
418	859	1
418	889	-1
418	906	1
418	987	1
419	750	-1
419	823	1
419	919	-1
419	948	-1
419	949	1
419	994	1
419	995	1
420	23	1
420	741	1
420	766	1
420	821	1
420	833	1
420	976	1
420	999	1
421	301	1
421	345	1
421	489	1
421	748	-1
421	912	1
421	994	1
421	995	1
422	263	1
422	462	1
422	725	-1
422	821	1
422	858	1
422	923	1
422	949	-1
423	792	-1
423	884	1
423	952	1
423	964	1
423	971	1
423	988	1
423	989	-1
424	16	-1
424	123	1
424	498	1
424	737	1
424	839	1
424	876	1
424	995	1
425	189	-1
425	529	1
425	793	1
425	972	1
425	976	1
425	998	1
425	999	1
426	82	1
426	124	-1
426	586	-1
426	939	-1
426	943	1
426	994	1
426	995	1
427	115	1
427	407	1
427	802	1
427	868	1
427	933	-1
427	952	1
427	978	-1
428	405	1
428	510	1
428	796	-1
428	819	-1
428	851	1
428	981	1
428	989	1
429	84	1
429	246	1
429	486	1
429	515	-1
429	770	1
429	873	1
429	962	-1
430	309	1
430	411	1
430	722	1
430	903	1
430	936	1
430	959	1
430	962	1
430	965	-1
431	379	1
431	422	1
431	731	1
431	889	1
431	972	1
431	984	1
431	999	1
432	232	1
432	280	-1
432	661	-1
432	728	1
432	861	1
432	893	1
432	991	-1
433	188	1
433	641	1
433	664	1
433	828	1
433	833	-1
433	855	-1
433	961	1
434	163	1
434	296	1
434	848	1
434	885	1
434	914	1
434	963	1
434	974	1
434	996	1
435	190	1
435	717	1
435	818	1
435	920	1
435	946	1
435	958	1
435	966	-1
436	167	-1
436	186	1
436	234	1
436	938	1
436	967	-1
436	973	1
436	980	1
437	505	1
437	589	1
437	939	1
437	960	1
437	962	1
437	992	1
437	996	1
438	583	-1
438	788	1
438	886	1
438	943	-1
438	955	1
438	979	1
438	995	1
439	698	1
439	722	1
439	772	-1
439	816	1
439	960	1
439	963	1
439	996	1
439	997	1
440	432	1
440	569	1
440	592	1
440	843	1
440	867	1
440	893	1
440	895	-1
441	499	1
441	676	1
441	742	1
441	956	1
441	959	1
441	960	1
441	965	1
442	501	1
442	555	-1
442	557	-1
442	621	-1
442	704	-1
442	715	1
442	987	1
443	0	1
443	573	-1
443	857	1
443	866	1
443	928	1
443	932	-1
443	971	1
444	40	1
444	652	1
444	750	1
444	943	-1
444	955	1
444	994	-1
444	995	1
445	368	1
445	483	1
445	589	-1
445	787	1
445	927	1
445	982	1
445	992	1
446	270	1
446	407	-1
446	670	1
446	729	1
446	764	1
446	851	1
446	978	-1
447	626	1
447	804	1
447	862	-1
447	936	1
447	960	1
447	982	1
447	996	-1
448	181	-1
448	401	1
448	666	-1
448	811	1
448	968	1
448	972	1
448	998	-1
449	337	1
449	572	1
449	642	1
449	802	1
449	840	1
449	985	1
449	989	1
450	431	1
450	757	1
450	947	1
450	968	1
450	972	1
450	990	1
450	998	1
451	548	1
451	617	1
451	957	1
451	976	1
451	980	-1
451	998	1
451	999	1
452	258	1
452	687	-1
452	751	1
452	805	1
452	825	1
452	942	-1
452	975	1
453	818	1
453	930	1
453	958	1
453	961	1
453	966	-1
453	967	-1
453	981	1
454	50	1
454	671	-1
454	804	1
454	894	1
454	956	1
454	992	1
454	996	1
455	75	1
455	103	-1
455	714	1
455	842	1
455	899	1
455	906	1
455	987	1
456	360	1
456	752	-1
456	760	1
456	793	1
456	821	1
456	968	-1
456	999	1
457	675	1
457	772	-1
457	914	1
457	962	1
457	982	1
457	996	1
457	997	1
458	180	1
458	679	1
458	909	-1
458	920	1
458	953	1
458	961	-1
458	973	1
459	512	1
459	551	1
459	761	1
459	770	1
459	935	1
459	975	-1
459	993	-1
460	474	-1
460	551	1
460	910	1
460	960	-1
460	969	1
460	975	1
460	993	1
461	647	1
461	874	1
461	932	-1
461	944	1
461	946	1
461	981	1
461	988	1
462	425	1
462	740	1
462	883	-1
462	968	1
462	984	1
462	998	1
462	999	1
463	39	1
463	629	1
463	766	-1
463	830	1
463	871	1
463	957	1
463	968	1
464	220	1
464	289	1
464	404	1
464	733	-1
464	853	1
464	972	-1
464	998	1
465	250	1
465	442	1
465	663	1
465	728	1
465	797	-1
465	820	1
465	987	1
466	152	-1
466	321	1
466	754	1
466	779	1
466	960	-1
466	965	-1
466	982	-1
466	996	1
467	127	-1
467	295	1
467	480	1
467	665	1
467	971	-1
467	980	1
467	983	1
468	622	1
468	745	1
468	851	1
468	897	1
468	933	-1
468	980	1
468	989	1
469	80	1
469	366	1
469	451	1
469	807	1
469	972	1
469	998	1
469	999	1
470	282	1
470	504	-1
470	578	-1
470	593	1
470	808	1
470	979	-1
470	995	-1
471	696	1
471	719	1
471	758	1
471	948	1
471	949	1
471	995	1
471	998	1
472	358	1
472	361	1
472	475	1
472	540	-1
472	683	-1
472	910	-1
472	993	-1
473	176	-1
473	547	1
473	747	-1
473	832	1
473	885	1
473	903	-1
473	992	1
474	623	1
474	789	-1
474	825	1
474	827	-1
474	864	1
474	933	-1
474	993	1
475	194	-1
475	311	1
475	916	1
475	926	-1
475	969	1
475	975	1
475	993	1
476	517	1
476	681	1
476	740	1
476	830	1
476	860	1
476	968	1
476	998	1
477	616	1
477	811	1
477	895	-1
477	976	-1
477	978	-1
477	984	1
477	999	1
478	36	1
478	409	1
478	479	1
478	731	1
478	740	1
478	972	1
478	998	1
479	96	-1
479	251	1
479	822	1
479	853	-1
479	911	1
479	976	1
479	998	-1
480	177	1
480	396	-1
480	790	-1
480	896	1
480	931	1
480	932	-1
480	989	1
481	626	1
481	720	1
481	847	1
481	915	1
481	962	1
481	970	1
481	996	1
482	347	1
482	453	1
482	815	-1
482	828	1
482	840	1
482	961	1
482	980	-1
483	392	1
483	903	1
483	908	1
483	970	1
483	992	1
483	996	1
483	997	1
484	148	1
484	749	1
484	779	1
484	898	1
484	937	1
484	963	-1
484	974	1
484	997	1
485	111	1
485	509	-1
485	672	-1
485	722	-1
485	948	-1
485	994	1
485	995	1
486	164	-1
486	574	1
486	752	-1
486	929	1
486	951	1
486	975	1
486	993	1
487	375	1
487	812	1
487	850	1
487	931	1
487	977	1
487	981	-1
487	988	-1
488	15	1
488	108	1
488	970	-1
488	976	1
488	986	1
488	987	1
488	991	1
489	338	1
489	382	1
489	891	-1
489	948	-1
489	979	1
489	986	-1
489	994	1
490	914	1
490	916	1
490	956	1
490	970	1
490	974	1
490	992	1
490	997	1
491	530	1
491	872	-1
491	873	1
491	929	1
491	935	1
491	993	1
491	997	-1
492	121	1
492	707	1
492	767	1
492	971	1
492	973	1
492	980	1
492	988	-1
493	67	-1
493	333	-1
493	524	1
493	849	-1
493	874	-1
493	917	1
493	986	1
494	446	1
494	669	1
494	792	1
494	853	-1
494	920	1
494	928	1
494	989	1
495	94	1
495	706	1
495	734	1
495	801	1
495	962	-1
495	966	1
495	977	1
496	393	-1
496	898	1
496	959	1
496	963	1
496	974	1
496	992	1
496	996	1
497	624	1
497	916	1
497	934	-1
497	937	1
497	970	1
497	974	-1
497	996	1
498	297	1
498	403	1
498	576	1
498	834	1
498	911	-1
498	994	1
498	995	1
499	698	1
499	765	1
499	887	1
499	904	-1
499	942	1
499	970	1
499	996	1
500	149	1
500	339	1
500	450	-1
500	807	1
500	901	-1
500	967	-1
500	990	1
501	710	-1
501	730	1
501	915	-1
501	917	1
501	931	-1
501	975	1
501	987	1
502	68	-1
502	279	1
502	887	-1
502	940	1
502	968	1
502	972	1
502	984	-1
503	367	1
503	427	1
503	596	1
503	952	-1
503	964	-1
503	966	1
503	973	1
504	64	1
504	346	1
504	581	-1
504	652	1
504	699	-1
504	955	1
504	994	1
505	490	1
505	885	1
505	887	1
505	922	1
505	959	1
505	963	1
505	992	1
506	299	1
506	773	-1
506	793	1
506	882	1
506	895	-1
506	926	1
506	999	-1
507	273	-1
507	373	1
507	410	-1
507	470	1
507	599	-1
507	696	1
507	912	1
508	281	1
508	511	1
508	936	-1
508	986	1
508	987	1
508	991	1
508	996	-1
509	312	1
509	599	1
509	684	-1
509	856	1
509	949	1
509	950	1
509	979	1
510	265	1
510	920	-1
510	953	1
510	964	1
510	977	1
510	985	1
510	989	1
511	395	-1
511	648	1
511	763	1
511	868	1
511	883	1
511	964	-1
511	986	1
512	90	1
512	491	1
512	770	-1
512	969	1
512	980	-1
512	993	-1
512	999	-1
513	362	1
513	426	-1
513	515	1
513	662	-1
513	873	1
513	969	1
513	993	1
514	104	1
514	573	1
514	829	-1
514	835	1
514	958	-1
514	977	1
514	988	-1
515	683	1
515	770	-1
515	794	-1
515	825	-1
515	910	1
515	975	-1
515	993	1
516	109	1
516	804	1
516	826	-1
516	894	1
516	898	1
516	960	1
516	996	-1
517	420	-1
517	537	1
517	657	1
517	703	1
517	766	1
517	998	1
517	999	1
518	77	1
518	615	1
518	760	1
518	963	-1
518	972	-1
518	998	1
518	999	1
519	243	1
519	796	1
519	932	-1
519	941	-1
519	946	-1
519	986	-1
519	991	1
520	242	1
520	708	-1
520	866	1
520	897	1
520	931	1
520	980	1
520	981	1
521	43	1
521	391	1
521	460	1
521	918	1
521	975	1
521	987	1
521	993	1
522	37	-1
522	732	1
522	902	1
522	920	-1
522	958	1
522	983	1
522	989	-1
523	482	1
523	572	1
523	695	-1
523	764	1
523	946	-1
523	973	1
523	977	1
524	350	-1
524	634	-1
524	675	1
524	796	1
524	843	1
524	936	-1
524	986	1
525	800	-1
525	822	1
525	947	1
525	972	1
525	986	-1
525	998	1
525	999	1
526	451	1
526	518	1
526	780	1
526	782	1
526	957	1
526	984	1
526	993	-1
527	390	1
527	684	-1
527	856	1
527	870	1
527	917	-1
527	979	1
527	995	1
528	665	1
528	931	1
528	944	1
528	964	1
528	977	1
528	983	1
528	989	1
529	217	1
529	240	-1
529	448	1
529	500	1
529	637	1
529	947	-1
529	999	1
530	261	1
530	358	1
530	459	1
530	682	1
530	910	1
530	921	-1
530	996	-1
531	158	1
531	389	1
531	831	1
531	927	1
531	936	1
531	974	1
531	982	1
532	521	-1
532	533	1
532	873	1
532	929	1
532	935	1
532	975	1
532	994	-1
533	503	-1
533	636	1
533	778	-1
533	825	1
533	836	1
533	864	1
533	923	1
534	72	1
534	95	1
534	372	1
534	448	1
534	822	1
534	998	1
534	999	-1
535	201	1
535	604	1
535	641	1
535	702	1
535	879	-1
535	953	-1
535	981	1
536	559	1
536	602	1
536	783	1
536	881	1
536	893	1
536	968	-1
536	987	1
537	194	1
537	526	1
537	727	1
537	804	-1
537	911	1
537	976	1
537	999	1
538	643	1
538	787	-1
538	927	1
538	962	1
538	965	1
538	974	1
538	982	1
539	26	1
539	393	1
539	567	-1
539	908	1
539	960	1
539	962	-1
539	970	1
540	19	1
540	618	1
540	827	1
540	875	1
540	951	1
540	969	1
540	975	1
541	216	1
541	625	-1
541	948	1
541	949	1
541	955	1
541	994	1
541	995	-1
542	576	1
542	627	-1
542	758	-1
542	876	1
542	886	1
542	979	1
542	995	-1
543	364	1
543	590	1
543	621	1
543	718	1
543	785	1
543	979	-1
543	987	1
544	711	1
544	842	-1
544	845	1
544	958	-1
544	966	-1
544	983	1
544	988	1
545	182	1
545	315	1
545	887	-1
545	908	-1
545	937	1
545	974	1
545	996	1
546	731	1
546	888	1
546	941	1
546	944	1
546	954	-1
546	986	1
546	991	1
547	481	1
547	587	1
547	768	1
547	908	1
547	962	-1
547	996	1
547	997	1
548	220	1
548	289	1
548	319	1
548	911	-1
548	924	1
548	957	1
548	972	1
549	703	1
549	838	1
549	882	1
549	947	1
549	957	1
549	990	1
549	999	1
550	351	1
550	874	1
550	931	1
550	933	1
550	978	1
550	988	1
550	998	-1
551	5	1
551	521	1
551	530	1
551	753	1
551	830	-1
551	969	1
551	993	-1
552	452	1
552	478	-1
552	533	-1
552	869	-1
552	951	1
552	969	-1
552	975	1
553	755	-1
553	916	1
553	936	1
553	960	1
553	970	1
553	974	1
553	982	1
554	298	1
554	338	1
554	489	-1
554	564	1
554	912	1
554	994	1
554	995	1
555	284	1
555	581	1
555	590	1
555	881	1
555	905	1
555	906	-1
555	984	1
556	58	-1
556	71	1
556	278	1
556	600	1
556	844	1
556	883	1
556	987	-1
557	500	1
557	549	1
557	637	-1
557	807	1
557	838	1
557	990	1
557	999	1
558	151	1
558	316	1
558	418	1
558	954	1
558	972	-1
558	987	1
558	991	1
559	260	-1
559	718	1
559	761	1
559	887	-1
559	988	-1
559	991	1
559	999	1
560	764	1
560	801	-1
560	909	1
560	938	1
560	953	1
560	966	1
560	978	1
561	119	1
561	437	1
561	774	1
561	960	-1
561	962	-1
561	982	1
561	996	1
562	295	1
562	877	1
562	931	1
562	964	1
562	980	1
562	985	1
562	989	1
563	31	1
563	36	1
563	304	1
563	306	1
563	843	1
563	923	1
563	999	1
564	116	1
564	329	1
564	507	-1
564	582	1
564	737	1
564	881	-1
564	995	1
565	834	-1
565	852	1
565	943	1
565	948	1
565	950	1
565	970	-1
565	994	1
566	447	1
566	455	-1
566	849	1
566	859	1
566	899	1
566	905	1
566	989	-1
567	765	1
567	768	1
567	831	1
567	903	1
567	908	1
567	934	1
567	996	1
568	539	1
568	733	1
568	780	-1
568	900	1
568	990	1
568	998	1
568	999	1
569	286	1
569	602	1
569	720	1
569	849	1
569	930	-1
569	987	-1
569	991	1
570	74	-1
570	609	-1
570	647	-1
570	944	1
570	966	1
570	978	-1
570	981	-1
571	578	-1
571	655	1
571	663	1
571	842	-1
571	907	1
571	986	1
571	991	-1
572	272	1
572	414	1
572	604	-1
572	964	-1
572	977	-1
572	981	1
572	983	1
573	219	1
573	423	1
573	845	1
573	866	1
573	952	-1
573	971	1
573	973	1
574	716	1
574	751	1
574	929	1
574	951	1
574	965	-1
574	969	1
574	993	1
575	55	1
575	318	1
575	531	1
575	809	1
575	922	-1
575	942	1
575	974	-1
575	992	1
576	426	1
576	634	1
576	684	1
576	919	-1
576	955	1
576	994	1
576	995	-1
577	231	1
577	802	-1
577	845	1
577	920	1
577	946	1
577	952	1
577	988	-1
578	236	1
578	694	1
578	730	1
578	763	1
578	893	1
578	991	1
578	999	-1
579	15	1
579	221	1
579	418	-1
579	585	1
579	799	1
579	941	1
579	991	-1
580	113	1
580	209	1
580	451	-1
580	653	1
580	725	1
580	858	-1
580	998	1
581	89	-1
581	919	1
581	950	1
581	955	1
581	979	1
581	994	1
581	995	1
582	210	1
582	629	-1
582	634	1
582	846	1
582	912	1
582	979	1
582	995	-1
583	836	1
583	906	-1
583	910	1
583	918	-1
583	935	1
583	983	-1
583	993	1
584	224	1
584	863	1
584	871	1
584	892	1
584	940	1
584	990	1
584	995	1
585	302	1
585	795	1
585	886	1
585	891	1
585	993	-1
585	994	-1
585	995	1
586	401	1
586	425	1
586	712	-1
586	811	1
586	990	1
586	995	-1
586	999	-1
587	150	1
587	445	1
587	539	1
587	739	1
587	809	-1
587	915	1
587	959	1
588	267	-1
588	336	1
588	597	1
588	706	1
588	931	1
588	966	-1
588	985	-1
589	129	-1
589	667	1
589	894	1
589	927	1
589	962	1
589	963	-1
589	996	1
590	93	1
590	398	1
590	536	1
590	578	-1
590	713	1
590	797	-1
590	942	-1
591	758	-1
591	775	-1
591	803	1
591	846	1
591	948	1
591	979	-1
591	994	1
592	349	-1
592	590	1
592	715	1
592	843	-1
592	941	1
592	975	-1
592	996	1
593	444	1
593	737	1
593	823	1
593	919	1
593	950	1
593	955	1
593	994	-1
594	702	1
594	784	1
594	877	-1
594	930	1
594	958	1
594	977	1
594	988	1
595	196	1
595	479	1
595	724	1
595	744	1
595	889	1
595	901	1
595	998	1
596	353	1
596	902	1
596	952	1
596	961	1
596	978	1
596	983	1
596	993	-1
597	57	1
597	157	1
597	572	1
597	635	1
597	958	1
597	964	1
597	971	1
598	70	1
598	179	1
598	829	1
598	854	1
598	928	1
598	971	1
598	981	1
599	852	1
599	872	1
599	886	1
599	912	1
599	943	1
599	994	1
599	997	-1
600	417	-1
600	817	1
600	843	1
600	867	-1
600	954	1
600	976	-1
600	986	1
601	245	1
601	589	1
601	789	1
601	894	-1
601	927	1
601	970	-1
601	996	1
602	47	1
602	255	1
602	329	1
602	465	1
602	907	1
602	986	1
602	991	1
603	52	-1
603	796	-1
603	867	-1
603	939	1
603	941	-1
603	978	-1
603	991	1
604	669	1
604	777	1
604	835	1
604	884	1
604	961	1
604	966	-1
604	983	1
605	48	1
605	399	-1
605	707	-1
605	879	-1
605	905	1
605	943	-1
605	991	1
606	620	1
606	854	1
606	897	-1
606	938	1
606	964	1
606	985	1
606	988	1
607	344	1
607	538	1
607	779	1
607	914	1
607	942	-1
607	959	1
607	997	1
608	191	1
608	508	1
608	785	1
608	812	-1
608	849	1
608	905	1
608	991	-1
609	453	1
609	646	-1
609	729	1
609	798	-1
609	851	1
609	897	-1
609	964	1
610	304	-1
610	723	1
610	787	-1
610	820	1
610	907	-1
610	986	1
610	991	1
611	149	1
611	408	1
611	629	1
611	701	1
611	744	1
611	968	1
611	984	-1
612	294	1
612	511	1
612	661	1
612	692	-1
612	859	1
612	906	-1
612	981	1
613	98	1
613	397	1
613	468	1
613	665	-1
613	759	-1
613	794	-1
613	985	1
614	123	1
614	248	1
614	470	1
614	839	1
614	846	-1
614	943	1
614	950	1
615	333	1
615	911	-1
615	926	1
615	984	-1
615	990	-1
615	998	1
615	999	1
616	780	1
616	860	1
616	901	1
616	960	-1
616	990	1
616	998	-1
616	999	1
617	563	-1
617	814	1
617	830	1
617	924	1
617	990	1
617	998	-1
617	999	1
618	512	1
618	521	1
618	682	1
618	689	1
618	876	1
618	975	1
618	993	1
619	314	1
619	831	1
619	885	1
619	903	-1
619	960	-1
619	965	1
619	997	1
620	967	-1
620	973	1
620	977	1
620	978	1
620	981	-1
620	988	1
620	989	1
621	726	-1
621	779	-1
621	878	1
621	893	1
621	940	-1
621	987	1
621	994	-1
622	631	1
622	717	1
622	920	1
622	952	1
622	977	1
622	985	1
622	988	1
623	552	-1
623	583	-1
623	699	1
623	836	-1
623	841	1
623	929	1
623	993	1
624	671	1
624	894	1
624	915	1
624	965	-1
624	992	1
624	996	-1
624	997	1
625	599	1
625	690	-1
625	697	1
625	834	1
625	924	1
625	994	-1
625	995	1
626	73	1
626	643	1
626	832	1
626	915	1
626	959	1
626	965	1
626	992	1
627	239	-1
627	611	-1
627	719	-1
627	917	-1
627	986	1
627	987	1
627	989	-1
628	300	-1
628	845	1
628	953	1
628	958	1
628	967	-1
628	980	1
628	989	1
629	38	1
629	425	-1
629	580	1
629	637	1
629	858	1
629	901	1
629	999	1
630	321	-1
630	743	1
630	934	1
630	956	1
630	963	-1
630	965	1
630	996	1
631	784	1
631	815	1
631	909	-1
631	932	1
631	944	1
631	953	1
631	988	1
632	285	1
632	428	-1
632	654	1
632	764	1
632	946	-1
632	977	1
632	983	1
633	172	-1
633	387	-1
633	501	1
633	844	1
633	861	1
633	888	1
633	995	-1
634	282	1
634	498	-1
634	591	-1
634	632	1
634	808	1
634	949	1
634	979	-1
635	242	1
635	528	-1
635	867	-1
635	932	1
635	981	1
635	988	1
635	989	1
636	47	1
636	63	-1
636	423	-1
636	513	1
636	533	1
636	805	-1
636	993	1
637	146	1
637	651	-1
637	889	1
637	968	-1
637	976	1
637	984	1
637	998	1
638	48	-1
638	761	-1
638	859	-1
638	918	1
638	957	-1
638	969	1
638	975	1
639	368	1
639	789	1
639	956	1
639	963	1
639	965	1
639	996	1
639	997	1
640	594	1
640	802	-1
640	829	1
640	953	1
640	961	-1
640	980	-1
640	988	-1
641	467	1
641	688	1
641	801	1
641	815	1
641	931	1
641	966	-1
641	967	1
642	54	1
642	186	1
642	651	-1
642	902	1
642	913	-1
642	977	1
642	978	-1
643	481	1
643	601	1
643	789	1
643	962	1
643	970	1
643	982	-1
643	997	-1
644	310	1
644	727	1
644	860	1
644	957	1
644	990	1
644	998	1
644	999	1
645	140	1
645	324	-1
645	623	1
645	689	1
645	716	1
645	841	1
645	951	1
646	695	1
646	812	1
646	930	1
646	980	-1
646	981	1
646	988	1
646	989	-1
647	411	1
647	829	1
647	845	1
647	868	1
647	884	1
647	902	1
647	933	1
648	87	1
648	730	1
648	735	-1
648	860	-1
648	905	1
648	906	-1
648	986	1
649	654	-1
649	801	1
649	818	1
649	874	-1
649	946	1
649	952	-1
649	967	-1
650	20	1
650	322	1
650	645	1
650	910	1
650	918	1
650	974	-1
650	989	-1
651	37	1
651	443	1
651	702	1
651	909	-1
651	933	1
651	983	1
651	988	1
652	410	1
652	696	1
652	788	1
652	880	1
652	943	-1
652	953	-1
652	994	-1
653	456	-1
653	463	1
653	858	1
653	900	-1
653	918	1
653	990	1
653	998	1
654	467	-1
654	775	1
654	874	1
654	896	1
654	973	1
654	980	1
654	985	-1
655	325	1
655	383	-1
655	723	1
655	748	-1
655	785	1
655	991	-1
655	993	1
656	745	1
656	815	1
656	855	-1
656	897	1
656	902	1
656	933	-1
656	973	1
657	343	1
657	724	1
657	853	1
657	917	-1
657	947	1
657	990	1
657	998	1
658	7	-1
658	193	1
658	457	1
658	501	1
658	715	1
658	882	-1
658	991	1
659	616	1
659	833	1
659	863	1
659	945	-1
659	972	-1
659	984	1
659	998	1
660	290	-1
660	496	1
660	942	1
660	956	1
660	960	1
660	965	1
660	997	1
661	8	-1
661	197	-1
661	277	1
661	867	1
661	883	1
661	986	1
661	987	1
662	41	-1
662	532	1
662	638	1
662	841	1
662	951	1
662	981	-1
662	993	1
663	11	-1
663	349	1
663	579	-1
663	610	1
663	723	1
663	762	1
663	917	1
664	786	-1
664	866	1
664	884	1
664	897	1
664	933	1
664	938	-1
664	977	-1
665	313	1
665	413	1
665	641	1
665	964	1
665	978	1
665	985	1
665	988	-1
666	12	-1
666	476	1
666	563	1
666	727	1
666	972	1
666	984	1
666	999	1
667	441	-1
667	937	1
667	963	1
667	970	-1
667	982	-1
667	996	1
667	997	1
668	410	1
668	552	1
668	761	1
668	825	1
668	844	1
668	875	1
668	975	1
669	96	1
669	178	-1
669	254	1
669	613	-1
669	818	1
669	980	1
669	988	1
670	656	1
670	792	1
670	855	-1
670	952	1
670	967	1
670	978	-1
670	991	-1
671	128	1
671	607	1
671	742	1
671	908	1
671	962	1
671	963	1
671	992	1
672	625	1
672	758	-1
672	778	1
672	801	-1
672	943	1
672	994	1
672	995	-1
673	27	-1
673	225	-1
673	753	1
673	772	-1
673	935	1
673	969	1
673	993	1
674	928	-1
674	931	1
674	961	1
674	971	1
674	980	1
674	988	1
674	989	1
675	937	1
675	960	1
675	974	1
675	982	1
675	992	1
675	996	1
675	997	-1
676	26	1
676	389	1
676	484	1
676	942	-1
676	965	1
676	982	1
676	997	1
677	524	1
677	633	1
677	785	-1
677	842	-1
677	878	1
677	984	-1
677	987	-1
678	608	1
678	823	1
678	844	-1
678	907	1
678	954	1
678	977	-1
678	998	-1
679	56	1
679	112	1
679	523	1
679	550	-1
679	597	1
679	649	-1
679	946	1
680	693	1
680	695	-1
680	801	-1
680	952	-1
680	977	1
680	983	1
680	988	-1
681	168	-1
681	299	1
681	781	1
681	882	1
681	923	1
681	990	1
681	998	-1
682	184	1
682	841	-1
682	873	-1
682	943	-1
682	975	1
682	993	-1
682	999	-1
683	709	1
683	841	-1
683	864	1
683	918	1
683	921	1
683	952	-1
683	969	1
684	143	1
684	174	-1
684	614	1
684	719	1
684	955	1
684	994	1
684	995	1
685	59	1
685	530	1
685	659	-1
685	921	1
685	975	1
685	978	1
685	993	1
686	570	1
686	702	-1
686	857	1
686	952	1
686	961	-1
686	973	1
686	989	-1
687	100	-1
687	228	1
687	694	1
687	762	1
687	811	-1
687	899	1
687	987	1
688	428	-1
688	449	1
688	642	-1
688	909	1
688	958	1
688	985	1
688	988	1
689	59	1
689	716	1
689	875	1
689	929	1
689	935	1
689	951	-1
689	993	1
690	438	1
690	625	1
690	852	1
690	948	1
690	950	-1
690	955	1
690	993	-1
691	73	1
691	415	1
691	908	1
691	914	1
691	934	1
691	939	-1
691	997	1
692	534	1
692	833	1
692	895	1
692	972	1
692	976	1
692	984	-1
692	998	-1
693	641	1
693	850	-1
693	902	1
693	944	-1
693	966	1
693	977	1
693	983	1
694	231	-1
694	250	-1
694	271	1
694	648	1
694	760	-1
694	843	-1
694	954	1
695	35	1
695	185	-1
695	622	1
695	866	1
695	933	1
695	938	1
695	953	1
696	76	1
696	548	1
696	870	1
696	912	1
696	979	1
696	990	-1
696	994	-1
697	117	1
697	426	-1
697	730	1
697	795	1
697	856	1
697	865	1
697	949	1
698	607	1
698	847	1
698	898	1
698	903	-1
698	963	1
698	970	1
698	974	-1
699	592	-1
699	673	1
699	899	-1
699	975	1
699	985	-1
699	993	1
699	994	-1
700	152	1
700	545	1
700	754	1
700	887	1
700	915	1
700	925	1
700	997	1
701	703	1
701	731	1
701	733	1
701	924	1
701	981	-1
701	990	1
701	998	1
702	494	1
702	729	1
702	793	-1
702	946	1
702	953	1
702	985	1
702	988	1
703	584	1
703	653	1
703	724	1
703	907	-1
703	940	1
703	990	1
703	999	1
704	722	1
704	743	1
704	894	1
704	939	1
704	956	1
704	982	-1
704	996	1
705	494	1
705	734	1
705	736	1
705	759	1
705	973	1
705	977	-1
705	983	1
706	54	1
706	56	-1
706	523	1
706	717	1
706	909	1
706	952	1
706	989	1
707	104	-1
707	367	1
707	851	-1
707	868	1
707	877	1
707	879	1
707	983	1
708	775	1
708	801	1
708	877	1
708	896	-1
708	920	1
708	944	1
708	958	1
709	198	-1
709	391	1
709	638	1
709	770	1
709	841	1
709	865	-1
709	993	1
710	168	1
710	291	1
710	566	-1
710	569	1
710	867	1
710	937	1
710	986	1
711	127	1
711	414	1
711	828	-1
711	913	1
711	930	-1
711	983	1
711	988	1
712	615	-1
712	793	1
712	853	1
712	890	-1
712	926	1
712	947	1
712	972	-1
713	226	1
713	440	1
713	687	-1
713	748	1
713	842	-1
713	851	-1
713	966	1
714	213	1
714	239	1
714	556	1
714	571	-1
714	859	1
714	922	1
714	945	-1
715	633	-1
715	762	1
715	763	1
715	799	1
715	881	1
715	938	-1
715	991	1
716	175	1
716	474	1
716	721	-1
716	864	1
716	875	1
716	973	-1
716	993	1
717	386	-1
717	467	1
717	520	-1
717	680	1
717	708	-1
717	966	1
717	985	1
718	488	1
718	547	1
718	714	1
718	869	-1
718	878	1
718	888	1
718	991	1
719	288	-1
719	419	1
719	509	1
719	839	1
719	886	1
719	950	-1
719	995	1
720	416	-1
720	847	1
720	927	1
720	970	1
720	982	1
720	992	1
720	997	1
721	662	1
721	668	1
721	929	1
721	935	1
721	951	1
721	975	-1
721	999	-1
722	106	1
722	204	1
722	274	-1
722	624	1
722	963	1
722	974	1
722	982	1
723	610	1
723	655	1
723	661	1
723	859	1
723	954	1
723	986	1
723	997	-1
724	317	-1
724	363	1
724	517	1
724	889	1
724	984	1
724	990	1
724	999	1
725	211	-1
725	275	1
725	323	-1
725	780	1
725	782	-1
725	926	1
725	999	1
726	484	-1
726	600	1
726	608	1
726	776	-1
726	905	-1
726	976	-1
726	991	-1
727	160	1
727	305	-1
727	653	1
727	752	1
727	830	1
727	997	1
727	998	-1
728	483	-1
728	739	1
728	796	1
728	951	1
728	959	-1
728	986	1
728	991	1
729	155	1
729	240	1
729	598	-1
729	656	1
729	949	-1
729	953	1
729	988	1
730	183	1
730	796	1
730	859	1
730	863	-1
730	893	1
730	973	-1
730	987	1
731	529	1
731	584	1
731	703	1
731	895	1
731	911	-1
731	968	1
731	990	1
732	641	-1
732	680	1
732	866	1
732	931	1
732	946	1
732	964	-1
732	973	-1
733	404	-1
733	830	1
733	891	-1
733	900	1
733	924	1
733	984	1
733	998	1
734	573	1
734	806	1
734	928	1
734	953	1
734	958	1
734	977	1
734	980	1
735	424	-1
735	470	-1
735	672	1
735	872	1
735	954	1
735	994	1
735	995	1
736	74	1
736	137	1
736	650	-1
736	651	1
736	764	1
736	973	1
736	980	1
737	117	1
737	778	1
737	808	1
737	839	1
737	872	1
737	963	-1
737	995	1
738	454	1
738	915	1
738	936	1
738	956	1
738	965	1
738	974	-1
738	997	-1
739	691	-1
739	916	1
739	934	1
739	936	1
739	982	1
739	996	1
739	997	1
740	538	-1
740	549	1
740	629	1
740	681	-1
740	766	1
740	911	1
740	924	-1
741	331	1
741	712	1
741	833	1
741	863	1
741	935	-1
741	947	1
741	999	1
742	473	1
742	639	-1
742	747	1
742	885	1
742	916	-1
742	970	1
742	997	1
743	174	1
743	765	1
743	772	1
743	915	-1
743	942	1
743	965	1
743	996	-1
744	807	1
744	811	1
744	889	-1
744	972	1
744	973	-1
744	998	1
744	999	-1
745	640	1
745	646	1
745	651	1
745	964	1
745	966	1
745	980	1
745	985	1
746	434	-1
746	667	1
746	898	1
746	904	1
746	936	-1
746	965	-1
746	996	1
747	148	1
747	266	1
747	908	1
747	925	1
747	939	1
747	963	1
747	996	1
748	226	1
748	657	-1
748	694	1
748	847	1
748	867	1
748	899	1
748	950	-1
749	176	1
749	490	1
749	755	1
749	826	1
749	936	1
749	939	1
749	974	1
750	207	1
750	504	-1
750	582	1
750	856	-1
750	950	1
750	979	1
750	994	1
751	135	1
751	645	-1
751	685	1
751	875	1
751	935	1
751	969	1
751	985	-1
752	611	1
752	681	1
752	766	1
752	924	1
752	926	1
752	972	1
752	999	-1
753	359	1
753	662	1
753	709	1
753	757	1
753	825	1
753	969	1
753	993	-1
754	53	1
754	393	1
754	739	-1
754	755	-1
754	816	1
754	848	1
754	925	1
754	936	1
754	959	1
755	290	1
755	344	1
755	848	-1
755	903	1
755	959	1
755	970	1
755	992	1
756	519	-1
756	568	-1
756	766	1
756	782	1
756	911	1
756	972	1
756	984	1
757	428	-1
757	781	1
757	807	1
757	945	1
757	972	1
757	976	1
757	998	1
758	156	-1
758	771	1
758	852	1
758	856	1
758	912	1
758	919	1
758	943	1
759	25	1
759	202	1
759	717	1
759	835	1
759	953	1
759	961	-1
759	973	1
760	476	1
760	595	1
760	911	1
760	957	1
760	976	1
760	990	1
760	999	1
761	638	1
761	726	1
761	888	-1
761	918	1
761	921	-1
761	951	1
761	969	1
762	571	1
762	605	1
762	849	1
762	905	-1
762	958	-1
762	991	-1
762	994	1
763	78	-1
763	679	-1
763	817	-1
763	941	1
763	954	1
763	957	-1
763	996	-1
764	396	1
764	461	1
764	734	1
764	812	-1
764	813	1
764	857	1
764	978	1
765	171	1
765	791	1
765	922	-1
765	963	-1
765	974	1
765	996	1
765	997	1
766	422	1
766	517	1
766	752	1
766	800	-1
766	945	1
766	950	-1
766	990	-1
767	520	1
767	961	1
767	964	-1
767	967	-1
767	971	1
767	973	1
767	989	1
768	245	-1
768	262	1
768	415	1
768	676	-1
768	816	1
768	956	-1
768	959	-1
769	223	-1
769	556	-1
769	710	1
769	818	-1
769	917	1
769	986	1
769	997	-1
770	246	1
770	258	-1
770	583	-1
770	969	1
770	975	1
770	993	1
770	995	-1
771	634	1
771	750	1
771	941	-1
771	949	1
771	950	1
771	979	1
771	995	1
772	171	1
772	326	1
772	447	1
772	903	-1
772	963	1
772	996	1
772	997	1
773	733	1
773	892	1
773	945	-1
773	988	1
773	990	1
773	998	1
773	999	1
774	768	1
774	831	-1
774	894	1
774	942	-1
774	962	1
774	965	-1
774	996	1
775	201	-1
775	495	1
775	706	1
775	736	1
775	920	1
775	966	1
775	989	1
776	101	1
776	736	-1
776	817	1
776	901	-1
776	919	-1
776	980	-1
776	991	-1
777	81	1
777	405	-1
777	649	1
777	866	1
777	920	1
777	930	1
777	973	1
778	471	1
778	527	1
778	880	-1
778	949	1
778	985	-1
778	987	-1
778	994	1
779	129	1
779	497	1
779	516	1
779	754	1
779	959	1
779	962	1
779	992	1
780	247	1
780	352	1
780	828	-1
780	926	1
780	957	1
780	972	-1
780	984	1
781	196	-1
781	586	1
781	811	-1
781	957	1
781	976	1
781	998	1
781	999	-1
782	279	1
782	469	1
782	478	1
782	946	-1
782	947	1
782	957	1
782	990	-1
783	769	-1
783	797	1
783	820	1
783	843	1
783	972	-1
783	987	1
783	991	1
784	259	1
784	528	1
784	931	-1
784	944	1
784	983	-1
784	985	1
784	988	-1
785	844	1
785	883	-1
785	899	1
785	917	1
785	937	-1
785	946	-1
785	991	1
786	114	1
786	577	-1
786	777	1
786	913	1
786	964	1
786	967	-1
786	997	-1
787	192	-1
787	607	-1
787	698	1
787	831	1
787	934	1
787	939	1
787	982	1
788	92	1
788	183	1
788	652	1
788	865	1
788	913	-1
788	919	-1
788	994	1
789	916	1
789	925	1
789	927	-1
789	939	1
789	956	1
789	960	-1
789	992	1
790	381	1
790	784	-1
790	794	1
790	819	1
790	944	-1
790	973	1
790	989	1
791	138	1
791	208	1
791	774	-1
791	939	1
791	965	1
791	992	-1
791	997	1
792	13	1
792	377	1
792	648	-1
792	686	1
792	786	1
792	806	1
792	980	1
793	741	1
793	781	1
793	871	-1
793	957	1
793	990	1
793	998	1
793	999	1
794	206	1
794	801	1
794	961	1
794	966	-1
794	977	-1
794	983	1
794	985	1
795	718	1
795	778	1
795	886	1
795	919	1
795	943	1
795	955	1
795	995	-1
796	200	1
796	236	1
796	805	-1
796	861	1
796	883	1
796	906	1
796	986	-1
797	638	-1
797	842	-1
797	888	1
797	893	1
797	965	-1
797	986	-1
797	987	1
798	510	1
798	522	1
798	686	-1
798	961	1
798	971	1
798	981	-1
798	988	1
799	229	1
799	612	1
799	633	-1
799	714	-1
799	842	1
799	961	1
799	986	1
800	394	1
800	692	-1
800	757	1
800	863	1
800	957	1
800	990	1
800	999	-1
801	112	1
801	495	1
801	828	1
801	897	1
801	930	1
801	961	1
801	989	1
802	353	-1
802	819	1
802	857	-1
802	896	-1
802	932	1
802	938	-1
802	989	1
803	723	-1
803	771	-1
803	808	1
803	834	1
803	839	1
803	948	-1
803	949	1
804	416	1
804	445	1
804	630	1
804	676	1
804	916	1
804	992	1
804	997	1
805	864	1
805	873	1
805	910	1
805	918	1
805	923	-1
805	969	1
805	998	-1
806	646	1
806	688	1
806	764	1
806	767	1
806	790	1
806	953	-1
806	964	-1
807	80	1
807	317	-1
807	332	-1
807	945	1
807	947	1
807	972	1
807	999	1
808	211	1
808	269	-1
808	614	1
808	876	1
808	886	1
808	912	1
808	987	-1
809	292	-1
809	307	1
809	660	1
809	937	1
809	956	1
809	959	1
809	970	1
809	996	1
810	3	1
810	49	1
810	497	-1
810	689	-1
810	924	1
810	975	1
810	993	1
811	800	1
811	814	1
811	817	-1
811	945	1
811	972	1
811	998	-1
811	999	1
812	145	-1
812	458	1
812	680	-1
812	857	1
812	909	1
812	964	1
812	988	1
813	435	1
813	544	-1
813	708	1
813	967	-1
813	981	-1
813	988	1
813	995	1
814	85	1
814	275	1
814	860	1
814	882	1
814	901	1
814	945	1
814	999	1
815	596	1
815	854	1
815	879	1
815	884	1
815	896	1
815	938	1
815	985	1
816	147	1
816	230	1
816	862	1
816	959	1
816	962	1
816	974	1
816	982	1
817	440	1
817	603	1
817	723	1
817	783	-1
817	844	1
817	941	-1
817	991	-1
818	267	1
818	835	1
818	861	-1
818	944	1
818	971	-1
818	988	1
818	989	1
819	2	1
819	14	1
819	98	1
819	503	1
819	829	1
819	933	1
819	988	1
820	567	1
820	569	1
820	627	-1
820	661	1
820	925	-1
820	938	1
820	991	-1
821	653	1
821	806	-1
821	833	1
821	838	1
821	947	-1
821	984	-1
821	998	1
822	837	-1
822	853	-1
822	871	1
822	984	1
822	986	-1
822	990	1
822	998	1
823	380	1
823	735	1
823	854	-1
823	876	1
823	880	1
823	948	1
823	979	1
824	94	-1
824	869	1
824	929	1
824	930	-1
824	951	1
824	987	-1
824	993	1
825	452	1
825	810	1
825	827	1
825	877	-1
825	880	-1
825	935	1
825	993	1
826	106	1
826	309	1
826	505	1
826	887	1
826	934	1
826	936	1
826	963	1
826	997	1
827	102	1
827	673	1
827	683	1
827	685	1
827	869	1
827	921	1
827	993	1
828	209	1
828	609	1
828	640	1
828	854	1
828	933	-1
828	980	1
828	985	-1
829	913	1
829	938	1
829	958	1
829	967	1
829	973	1
829	977	1
829	981	1
830	663	-1
830	807	1
830	814	1
830	882	1
830	900	1
830	976	1
830	999	1
831	119	-1
831	430	1
831	484	1
831	553	1
831	862	1
831	903	1
831	997	1
832	826	1
832	956	1
832	959	1
832	960	1
832	974	-1
832	992	1
832	997	1
833	23	-1
833	82	-1
833	464	1
833	800	-1
833	957	1
833	984	1
833	990	1
834	161	-1
834	264	-1
834	872	1
834	876	1
834	979	1
834	994	1
834	995	1
835	375	-1
835	594	-1
835	928	-1
835	930	1
835	985	1
835	988	1
835	996	1
836	83	1
836	682	1
836	825	-1
836	875	1
836	964	-1
836	975	1
836	992	1
837	853	1
837	858	1
837	900	1
837	911	1
837	957	1
837	972	1
837	990	1
838	478	-1
838	892	1
838	899	-1
838	924	1
838	972	1
838	976	1
838	998	1
839	581	1
839	795	1
839	865	-1
839	870	1
839	919	-1
839	994	1
839	995	-1
840	99	-1
840	155	1
840	664	1
840	705	1
840	938	1
840	958	1
840	966	1
841	173	1
841	670	-1
841	824	-1
841	827	1
841	929	1
841	951	-1
841	993	-1
842	524	1
842	601	-1
842	785	1
842	878	1
842	897	-1
842	907	1
842	975	-1
843	243	1
843	440	-1
843	678	1
843	890	1
843	907	-1
843	971	-1
843	986	1
844	128	-1
844	213	1
844	644	-1
844	776	1
844	797	1
844	941	1
844	954	-1
845	357	-1
845	759	1
845	866	-1
845	952	1
845	978	-1
845	983	1
845	988	1
846	327	1
846	750	1
846	870	1
846	969	-1
846	979	1
846	994	1
846	995	1
847	182	-1
847	545	1
847	553	1
847	643	1
847	925	-1
847	927	-1
847	992	1
848	16	1
848	826	1
848	904	1
848	922	-1
848	956	1
848	960	-1
848	992	-1
849	762	-1
849	783	1
849	921	-1
849	941	1
849	953	-1
849	956	-1
849	991	-1
850	528	-1
850	743	-1
850	812	1
850	896	1
850	946	1
850	978	-1
850	981	1
851	179	1
851	884	1
851	909	1
851	920	1
851	961	1
851	966	1
851	980	1
852	388	1
852	865	-1
852	891	1
852	955	1
852	982	-1
852	994	1
852	995	1
853	462	1
853	882	1
853	923	1
853	976	1
853	990	1
853	998	1
853	999	1
854	482	1
854	711	-1
854	767	1
854	828	-1
854	913	1
854	971	-1
854	983	1
855	131	1
855	235	1
855	377	1
855	494	1
855	542	1
855	651	1
855	932	1
856	33	1
856	35	-1
856	210	1
856	591	1
856	808	1
856	949	1
856	994	1
857	535	1
857	777	1
857	806	1
857	851	1
857	931	1
857	971	1
857	988	-1
858	72	1
858	595	1
858	895	1
858	945	1
858	947	1
858	992	1
858	999	-1
859	170	1
859	399	1
859	555	1
859	579	-1
859	700	-1
859	913	-1
859	994	-1
860	77	-1
860	178	1
860	372	1
860	882	1
860	892	1
860	945	1
860	998	1
861	4	1
861	97	1
861	600	1
861	610	1
861	661	1
861	899	1
861	989	-1
862	253	1
862	660	1
862	720	1
862	916	1
862	939	1
862	974	1
862	997	1
863	782	1
863	833	1
863	837	1
863	968	1
863	972	1
863	990	1
863	999	1
864	308	-1
864	682	1
864	836	1
864	910	1
864	955	-1
864	969	-1
864	993	1
865	89	1
865	485	1
865	762	-1
865	872	1
865	949	1
865	994	1
865	995	-1
866	300	1
866	625	-1
866	706	1
866	732	-1
866	767	1
866	930	1
866	971	-1
867	592	-1
867	621	-1
867	776	1
867	827	-1
867	842	-1
867	844	1
867	987	1
868	414	-1
868	642	1
868	874	1
868	930	1
868	953	1
868	964	1
868	977	1
869	532	-1
869	751	1
869	873	1
869	910	1
869	941	-1
869	951	1
869	988	-1
870	403	-1
870	652	1
870	684	1
870	852	1
870	872	1
870	950	-1
870	994	1
871	95	1
871	191	1
871	477	1
871	525	1
871	837	-1
871	960	-1
871	990	1
872	345	-1
872	507	1
872	554	-1
872	585	1
872	823	-1
872	870	1
872	880	1
873	110	1
873	623	1
873	650	1
873	662	-1
873	673	1
873	875	1
873	993	1
874	397	1
874	436	-1
874	693	1
874	955	-1
874	977	1
874	978	1
874	989	1
875	515	1
875	638	1
875	869	1
875	873	1
875	921	1
875	975	-1
875	983	-1
876	576	-1
876	737	1
876	758	1
876	808	1
876	955	1
876	995	1
876	998	-1
877	2	1
877	355	-1
877	815	-1
877	896	1
877	983	1
877	985	1
877	988	1
878	193	1
878	558	1
878	655	1
878	890	-1
878	905	-1
878	907	1
878	987	1
879	335	1
879	468	1
879	495	1
879	693	1
879	705	1
879	829	-1
879	946	1
880	76	1
880	444	1
880	591	1
880	735	-1
880	834	1
880	979	1
880	995	1
881	878	1
881	955	1
881	956	-1
881	986	1
881	987	1
881	991	1
881	999	-1
882	401	1
882	653	-1
882	837	1
882	891	1
882	957	1
882	990	-1
882	998	1
883	4	-1
883	566	1
883	658	1
883	888	1
883	932	-1
883	954	1
883	987	-1
884	461	1
884	604	1
884	736	1
884	798	1
884	874	-1
884	971	1
884	983	1
885	575	1
885	587	1
885	630	1
885	956	1
885	960	1
885	970	1
885	974	-1
886	542	-1
886	708	1
886	919	1
886	950	1
886	991	-1
886	994	1
886	995	1
887	704	1
887	765	1
887	832	1
887	904	-1
887	927	1
887	974	1
887	982	1
887	997	1
888	151	-1
888	713	1
888	763	1
888	820	1
888	903	-1
888	917	1
888	941	1
889	506	-1
889	659	1
889	773	1
889	814	1
889	822	-1
889	870	-1
889	998	-1
890	281	1
890	493	1
890	706	-1
890	907	1
890	948	-1
890	974	-1
890	987	-1
891	230	-1
891	581	-1
891	795	1
891	856	-1
891	870	1
891	950	1
891	968	-1
892	526	1
892	537	1
892	781	1
892	901	1
892	968	1
892	972	1
892	984	1
893	820	1
893	849	1
893	883	1
893	899	1
893	954	1
893	963	-1
893	991	1
894	28	1
894	147	1
894	643	1
894	848	-1
894	959	1
894	996	1
894	997	1
895	731	-1
895	744	1
895	838	1
895	863	1
895	976	1
895	984	-1
895	990	-1
896	707	1
896	786	1
896	837	-1
896	877	1
896	931	1
896	966	-1
896	983	1
897	18	1
897	405	1
897	798	1
897	806	1
897	896	1
897	983	1
897	988	1
898	747	1
898	804	1
898	914	1
898	922	-1
898	982	1
898	996	1
898	997	1
899	493	1
899	543	1
899	776	1
899	888	-1
899	890	-1
899	991	1
899	995	-1
900	166	-1
900	384	-1
900	681	-1
900	712	-1
900	752	1
900	853	-1
900	990	-1
901	557	1
901	574	-1
901	617	1
901	926	1
901	947	1
901	968	-1
901	998	1
902	443	1
902	458	1
902	679	1
902	961	-1
902	973	-1
902	988	-1
902	989	-1
903	768	-1
903	885	1
903	960	1
903	965	1
903	992	-1
903	996	1
903	997	1
904	169	-1
904	457	1
904	466	-1
904	639	1
904	937	1
904	956	1
904	997	1
905	369	1
905	463	-1
905	658	1
905	713	1
905	718	1
905	917	-1
905	987	1
906	799	1
906	861	1
906	881	1
906	888	1
906	958	-1
906	987	1
906	994	1
907	271	1
907	383	1
907	465	1
907	546	-1
907	881	1
907	893	1
907	961	1
908	266	1
908	416	-1
908	848	-1
908	922	1
908	934	1
908	965	1
908	996	1
909	654	1
909	845	1
909	857	1
909	961	-1
909	967	1
909	980	1
909	985	1
910	683	1
910	809	-1
910	824	-1
910	839	-1
910	920	-1
910	975	1
910	993	1
911	68	1
911	756	-1
911	860	1
911	901	1
911	976	1
911	998	1
911	999	1
912	64	1
912	438	1
912	591	1
912	771	1
912	865	1
912	948	1
912	955	-1
913	107	1
913	487	1
913	510	-1
913	850	1
913	868	-1
913	973	1
913	985	1
914	454	1
914	473	1
914	499	1
914	848	1
914	903	1
914	970	1
915	46	1
915	847	1
915	885	1
915	916	1
915	922	1
915	959	1
916	296	-1
916	601	1
916	643	1
916	787	1
916	934	1
916	939	-1
917	714	1
917	796	-1
917	941	-1
917	986	1
917	991	1
917	998	-1
918	214	1
918	710	-1
918	810	1
918	948	-1
918	969	1
918	993	1
919	400	1
919	808	-1
919	846	-1
919	865	1
919	979	-1
919	995	1
920	413	1
920	674	1
920	711	1
920	806	1
920	813	1
920	835	1
921	446	-1
921	721	1
921	929	1
921	935	-1
921	975	1
921	977	-1
922	607	1
922	619	1
922	739	1
922	903	1
922	956	1
922	996	1
923	431	1
923	756	1
923	780	1
923	911	1
923	968	1
923	972	1
924	370	1
924	659	1
924	666	-1
924	744	-1
924	995	1
924	999	-1
925	274	1
925	816	-1
925	959	1
925	965	1
925	992	1
925	997	-1
926	247	1
926	911	1
926	940	1
926	945	1
926	947	-1
926	976	1
927	691	1
927	704	1
927	942	1
927	970	-1
927	996	1
927	997	1
928	665	1
928	850	-1
928	946	-1
928	958	1
928	961	1
928	989	1
929	43	1
929	640	-1
929	645	1
929	841	1
929	869	1
929	918	1
930	254	1
930	265	1
930	674	-1
930	902	1
930	981	-1
930	985	1
931	622	1
931	806	1
931	920	1
931	928	1
931	944	1
931	958	1
932	402	1
932	492	-1
932	572	1
932	851	1
932	971	-1
932	985	1
933	134	1
933	594	-1
933	597	-1
933	669	1
933	792	1
933	967	1
934	406	1
934	789	1
934	965	1
934	970	-1
934	982	1
934	996	1
935	19	1
935	125	1
935	268	1
935	761	-1
935	921	1
935	990	-1
936	315	1
936	505	1
936	747	1
936	937	1
936	959	-1
936	965	1
937	567	1
937	630	-1
937	847	1
937	898	1
937	915	-1
937	936	1
938	446	1
938	850	1
938	928	1
938	952	1
938	981	1
938	989	1
939	376	1
939	466	1
939	809	1
939	936	1
939	992	1
939	996	1
940	450	1
940	590	-1
940	882	1
940	900	-1
940	976	1
940	998	1
941	546	1
941	612	1
941	905	1
941	952	1
941	975	1
941	991	-1
942	885	1
942	937	1
942	960	1
942	962	1
942	970	-1
942	997	1
943	803	1
943	839	1
943	948	1
943	955	1
943	994	-1
943	995	1
944	57	1
944	335	1
944	851	1
944	897	-1
944	913	1
944	961	1
945	502	1
945	837	-1
945	893	-1
945	901	1
945	926	1
945	999	1
946	18	1
946	25	1
946	711	1
946	784	1
946	819	1
946	868	1
947	22	1
947	580	1
947	846	-1
947	858	1
947	998	1
947	999	1
948	8	1
948	65	1
948	256	1
948	719	1
948	949	-1
948	955	-1
949	373	-1
949	852	1
949	886	1
949	988	-1
949	994	1
949	995	1
950	390	1
950	803	1
950	891	-1
950	905	-1
950	943	-1
950	979	1
951	252	1
951	636	-1
951	668	-1
951	929	-1
951	975	1
951	999	1
952	775	1
952	792	1
952	958	1
952	971	1
952	988	1
952	989	1
953	44	1
953	397	1
953	854	-1
953	930	-1
953	978	1
953	983	-1
954	399	-1
954	608	1
954	648	1
954	728	1
954	893	1
954	992	-1
955	81	-1
955	419	1
955	485	1
955	788	1
955	949	1
955	950	1
956	447	-1
956	862	1
956	914	1
956	939	-1
956	960	-1
956	963	1
957	615	1
957	755	-1
957	923	-1
957	940	-1
957	976	1
957	990	1
958	320	1
958	745	-1
958	938	1
958	944	1
958	981	1
958	983	-1
959	441	1
959	531	1
959	567	1
959	982	1
959	996	1
959	997	1
960	826	1
960	898	1
960	959	1
960	962	1
960	996	1
960	997	1
961	792	-1
961	794	1
961	964	-1
961	967	1
961	983	1
961	985	1
962	208	1
962	675	1
962	698	-1
962	774	1
962	959	1
962	974	-1
963	434	-1
963	779	1
963	922	1
963	942	1
963	962	1
963	982	1
964	597	1
964	794	-1
964	840	1
964	967	1
964	978	1
964	985	1
965	1	1
965	28	1
965	626	1
965	887	-1
965	956	-1
965	963	1
965	996	1
966	609	1
966	632	1
966	802	1
966	845	1
966	932	1
966	944	1
967	435	1
967	606	1
967	897	1
967	946	-1
967	961	1
967	971	-1
968	637	1
968	733	1
968	894	-1
968	901	1
968	945	-1
968	972	1
969	3	1
969	102	1
969	153	1
969	187	1
969	222	-1
969	268	1
970	356	1
970	749	1
970	908	-1
970	963	1
970	965	1
970	992	1
971	180	1
971	453	1
971	777	1
971	896	1
971	952	1
971	981	1
972	408	1
972	469	-1
972	947	1
972	968	1
972	979	1
972	990	1
973	708	1
973	777	-1
973	961	1
973	978	1
973	989	1
973	999	-1
974	55	1
974	639	-1
974	787	1
974	960	-1
974	992	1
974	996	-1
975	120	1
975	359	1
975	486	1
975	878	-1
975	969	1
975	993	1
976	144	1
976	276	1
976	892	1
976	923	1
976	940	1
976	999	1
977	665	1
977	874	1
977	896	-1
977	966	1
977	971	1
977	981	-1
978	283	1
978	381	-1
978	487	1
978	674	1
978	736	1
978	866	1
979	124	1
979	593	-1
979	735	1
979	911	-1
979	994	1
979	995	-1
980	177	1
980	218	-1
980	395	1
980	896	1
980	958	1
980	971	1
981	535	1
981	952	-1
981	961	1
981	964	1
981	983	1
981	988	1
982	619	-1
982	768	1
982	916	1
982	965	1
982	974	1
982	996	1
983	664	-1
983	688	1
983	868	1
983	931	1
983	980	1
983	989	-1
984	548	-1
984	821	1
984	863	-1
984	940	-1
984	972	1
984	995	-1
985	514	1
985	588	-1
985	840	1
985	932	1
985	964	1
985	989	1
986	354	1
986	713	-1
986	817	1
986	907	1
986	991	1
986	995	-1
987	87	1
987	543	1
987	558	1
987	619	-1
987	893	1
987	964	-1
988	628	1
988	879	1
988	938	-1
988	952	1
988	964	1
988	983	1
989	203	-1
989	233	-1
989	433	1
989	967	1
989	977	1
989	985	1
990	579	-1
990	733	1
990	924	1
990	957	1
990	998	-1
990	999	1
991	58	1
991	633	1
991	799	1
991	883	1
991	893	1
991	987	1
992	742	1
992	804	-1
992	885	1
992	927	1
992	965	-1
992	970	1
993	412	1
993	645	1
993	753	-1
993	827	-1
993	918	-1
993	921	-1
994	432	-1
994	576	1
994	771	1
994	880	1
994	979	1
994	995	1
995	227	1
995	585	1
995	912	1
995	949	1
995	979	-1
995	990	-1
996	626	-1
996	755	1
996	904	1
996	908	1
996	942	1
996	965	1
997	24	-1
997	237	1
997	791	1
997	903	1
997	956	1
997	965	-1
998	61	-1
998	506	1
998	766	-1
998	926	1
998	945	1
998	999	-1
999	325	1
999	568	1
999	830	1
999	911	1
999	923	1
999	998	1
