0	168	-1
0	702	1
0	809	1
0	848	1
0	860	1
0	948	-1
0	989	1
1	525	-1
1	573	1
1	705	1
1	876	1
1	977	-1
1	987	1
1	997	1
2	496	1
2	722	1
2	922	-1
2	949	-1
2	951	1
2	989	1
2	998	-1
3	548	1
3	723	-1
3	887	1
3	891	1
3	944	1
3	980	1
3	997	-1
4	423	-1
4	836	-1
4	909	-1
4	914	-1
4	940	1
4	963	1
4	986	1
5	15	1
5	60	1
5	717	-1
5	767	-1
5	792	-1
5	938	1
5	962	-1
6	68	1
6	376	1
6	930	-1
6	936	1
6	989	-1
6	995	1
6	999	-1
7	372	1
7	621	-1
7	847	1
7	893	1
7	976	-1
7	986	-1
7	999	1
8	501	-1
8	804	1
8	885	-1
8	912	1
8	934	-1
8	960	1
8	999	-1
9	2	-1
9	355	-1
9	470	1
9	796	1
9	961	-1
9	992	1
9	993	1
10	440	-1
10	580	-1
10	865	1
10	879	-1
10	893	-1
10	927	-1
10	988	-1
11	446	1
11	514	-1
11	765	1
11	876	1
11	938	1
11	959	-1
11	989	-1
12	530	-1
12	888	-1
12	905	-1
12	983	1
12	984	1
12	985	1
12	999	1
13	247	1
13	579	1
13	800	-1
13	914	1
13	931	-1
13	933	1
13	961	1
14	202	-1
14	732	1
14	886	1
14	930	1
14	954	1
14	991	1
14	995	1
15	810	-1
15	876	1
15	944	1
15	985	-1
15	988	1
15	996	-1
15	997	-1
16	437	1
16	908	-1
16	942	-1
16	955	1
16	966	-1
16	979	1
16	997	1
17	510	1
17	713	-1
17	791	1
17	895	-1
17	971	-1
17	982	1
17	998	1
18	652	-1
18	660	1
18	690	-1
18	788	1
18	869	1
18	980	1
18	994	1
19	49	-1
19	806	-1
19	918	1
19	980	1
19	996	1
19	997	-1
19	998	1
20	64	1
20	413	-1
20	473	1
20	740	-1
20	957	1
20	984	1
20	998	-1
21	395	1
21	488	-1
21	710	-1
21	748	1
21	880	1
21	998	-1
21	999	1
22	140	-1
22	152	-1
22	170	1
22	759	-1
22	889	-1
22	977	1
22	994	1
23	840	-1
23	845	1
23	961	-1
23	964	1
23	987	1
23	991	-1
23	994	1
24	80	-1
24	455	-1
24	580	1
24	629	-1
24	988	-1
24	989	-1
24	993	1
25	385	1
25	669	1
25	773	1
25	919	1
25	971	1
25	982	-1
25	994	1
26	866	1
26	952	-1
26	970	1
26	975	1
26	981	1
26	982	1
26	986	-1
27	77	1
27	811	-1
27	844	-1
27	912	-1
27	956	1
27	974	1
27	982	1
28	186	1
28	782	1
28	809	-1
28	826	-1
28	920	1
28	964	1
28	992	-1
29	424	1
29	695	1
29	858	-1
29	894	-1
29	977	1
29	985	-1
29	988	-1
30	188	1
30	569	-1
30	670	-1
30	815	1
30	975	-1
30	992	1
30	993	1
31	298	-1
31	540	1
31	956	1
31	967	-1
31	975	-1
31	980	1
31	998	1
32	2	1
32	428	1
32	827	1
32	918	-1
32	924	-1
32	988	1
32	999	1
33	220	1
33	435	-1
33	753	1
33	924	1
33	940	-1
33	970	-1
33	990	1
34	586	1
34	593	1
34	828	1
34	931	-1
34	958	1
34	961	-1
34	984	1
35	756	-1
35	923	1
35	930	-1
35	944	1
35	953	-1
35	973	-1
35	978	1
36	48	1
36	351	1
36	732	1
36	860	-1
36	916	1
36	948	1
36	960	1
37	510	1
37	594	-1
37	619	-1
37	942	1
37	963	-1
37	988	-1
37	999	1
38	293	-1
38	440	-1
38	708	-1
38	789	-1
38	982	1
38	993	1
38	999	-1
39	142	-1
39	219	-1
39	585	1
39	744	-1
39	943	1
39	967	-1
39	984	1
40	183	1
40	282	1
40	350	-1
40	392	-1
40	405	-1
40	566	-1
40	993	1
41	707	1
41	847	1
41	862	1
41	926	1
41	969	-1
41	983	1
41	995	-1
42	287	-1
42	883	1
42	930	1
42	953	-1
42	969	1
42	972	1
42	992	-1
43	8	1
43	255	-1
43	858	-1
43	879	1
43	928	-1
43	982	1
43	997	-1
44	235	-1
44	307	1
44	804	-1
44	909	1
44	951	1
44	983	1
44	990	-1
45	61	-1
45	296	-1
45	327	-1
45	396	-1
45	946	-1
45	965	-1
45	993	1
46	709	1
46	722	-1
46	763	1
46	855	-1
46	982	-1
46	991	-1
46	999	-1
47	69	-1
47	86	1
47	575	1
47	989	1
47	992	-1
47	993	1
47	998	-1
48	82	-1
48	243	1
48	744	1
48	791	1
48	857	-1
48	929	1
48	974	1
49	555	1
49	743	-1
49	762	-1
49	767	1
49	904	1
49	982	1
49	999	-1
50	768	1
50	835	1
50	895	1
50	922	1
50	941	1
50	972	1
50	998	1
51	4	1
51	75	-1
51	763	1
51	812	1
51	907	-1
51	933	1
51	988	-1
52	718	1
52	724	1
52	849	-1
52	925	1
52	940	-1
52	943	-1
52	986	1
53	144	1
53	176	-1
53	798	-1
53	972	-1
53	973	1
53	987	-1
53	995	1
54	53	-1
54	133	1
54	536	1
54	624	-1
54	934	1
54	947	-1
54	965	-1
55	202	1
55	422	-1
55	808	1
55	922	-1
55	958	1
55	968	-1
55	986	1
56	34	1
56	87	1
56	185	1
56	347	-1
56	904	-1
56	990	-1
56	997	-1
57	734	1
57	819	-1
57	855	1
57	946	1
57	977	1
57	985	-1
57	986	-1
58	217	-1
58	550	1
58	931	-1
58	967	-1
58	975	1
58	996	1
58	999	1
59	421	-1
59	742	1
59	822	-1
59	878	1
59	930	1
59	962	-1
59	973	1
60	745	1
60	799	-1
60	913	-1
60	930	-1
60	936	1
60	990	1
60	993	1
61	747	-1
61	753	-1
61	769	-1
61	891	1
61	928	1
61	981	-1
61	998	1
62	582	1
62	792	1
62	911	1
62	959	1
62	988	-1
62	992	-1
62	993	-1
63	498	-1
63	871	1
63	880	1
63	958	-1
63	972	-1
63	983	1
63	999	1
64	625	1
64	653	1
64	674	1
64	895	-1
64	955	1
64	971	-1
64	997	1
65	1	-1
65	317	1
65	318	1
65	906	-1
65	968	1
65	986	1
65	994	1
66	99	1
66	841	1
66	856	1
66	880	-1
66	978	1
66	988	-1
66	993	1
67	187	1
67	497	-1
67	892	1
67	957	1
67	959	-1
67	990	-1
67	991	-1
68	252	1
68	328	1
68	610	-1
68	840	1
68	957	-1
68	980	-1
68	988	-1
69	495	1
69	612	1
69	777	-1
69	793	-1
69	839	1
69	979	1
69	993	-1
70	825	-1
70	846	-1
70	882	1
70	928	-1
70	944	-1
70	969	1
70	995	1
71	407	1
71	710	-1
71	726	-1
71	942	1
71	953	1
71	957	-1
71	996	1
72	151	1
72	534	1
72	659	-1
72	775	-1
72	867	1
72	939	1
72	963	-1
73	19	1
73	205	1
73	241	1
73	489	-1
73	734	-1
73	921	1
73	970	1
74	226	1
74	249	-1
74	549	1
74	875	-1
74	886	-1
74	957	1
74	997	1
75	854	-1
75	861	1
75	943	1
75	972	-1
75	984	1
75	986	1
75	997	1
76	131	1
76	382	1
76	386	-1
76	439	-1
76	811	1
76	915	-1
76	993	1
77	595	1
77	761	-1
77	780	-1
77	891	1
77	912	1
77	918	1
77	998	1
78	592	1
78	893	1
78	900	-1
78	934	-1
78	962	1
78	989	1
78	999	1
79	177	1
79	273	-1
79	490	1
79	884	1
79	952	1
79	984	-1
79	989	1
80	420	-1
80	580	1
80	667	1
80	793	1
80	929	-1
80	993	1
80	999	-1
81	66	1
81	672	1
81	806	1
81	896	-1
81	982	-1
81	992	-1
81	999	1
82	469	1
82	482	-1
82	652	1
82	893	1
82	974	-1
82	983	1
82	992	-1
83	171	1
83	425	1
83	560	-1
83	668	-1
83	851	1
83	990	1
83	993	1
84	490	-1
84	701	1
84	776	1
84	957	-1
84	974	-1
84	992	1
84	995	-1
85	911	1
85	948	1
85	956	1
85	959	1
85	982	1
85	985	-1
85	989	1
86	89	1
86	636	1
86	796	1
86	876	1
86	885	-1
86	886	-1
86	994	-1
87	644	1
87	895	1
87	967	1
87	970	-1
87	984	1
87	991	-1
87	997	1
88	386	1
88	444	-1
88	470	-1
88	866	1
88	901	1
88	915	1
88	970	1
89	618	1
89	753	1
89	811	1
89	814	-1
89	930	-1
89	995	-1
89	998	1
90	546	-1
90	700	-1
90	713	-1
90	823	1
90	959	1
90	965	1
90	982	1
91	20	-1
91	628	1
91	655	-1
91	820	-1
91	890	1
91	916	-1
91	993	1
92	119	1
92	555	-1
92	745	1
92	903	-1
92	957	-1
92	992	1
92	998	1
93	118	1
93	771	1
93	793	1
93	861	-1
93	978	1
93	990	1
93	996	-1
94	530	-1
94	586	1
94	735	-1
94	831	1
94	867	-1
94	900	-1
94	992	1
95	408	1
95	716	1
95	859	-1
95	876	-1
95	915	1
95	981	1
95	998	1
96	398	1
96	416	-1
96	926	1
96	949	1
96	970	-1
96	985	1
96	988	1
97	140	-1
97	148	1
97	179	1
97	274	1
97	912	-1
97	935	1
97	967	-1
98	621	1
98	623	1
98	853	1
98	894	1
98	994	-1
98	997	-1
98	998	-1
99	197	-1
99	674	1
99	686	1
99	736	-1
99	975	-1
99	992	1
99	998	-1
100	605	-1
100	781	-1
100	847	-1
100	900	1
100	920	1
100	940	1
100	963	1
101	596	-1
101	855	1
101	898	1
101	902	-1
101	946	-1
101	984	-1
101	994	1
102	612	1
102	870	1
102	877	-1
102	905	1
102	932	1
102	959	-1
102	997	1
103	184	1
103	532	1
103	702	-1
103	767	-1
103	959	-1
103	972	1
103	973	1
104	30	1
104	295	-1
104	434	-1
104	467	-1
104	598	-1
104	938	1
104	990	1
105	480	1
105	617	1
105	621	-1
105	824	1
105	929	-1
105	963	-1
105	982	1
106	162	1
106	579	-1
106	813	1
106	818	-1
106	924	1
106	945	1
106	974	-1
107	456	-1
107	632	-1
107	866	1
107	875	1
107	896	1
107	982	1
107	998	1
108	557	-1
108	695	-1
108	775	1
108	870	-1
108	892	1
108	931	1
108	984	-1
109	664	1
109	694	1
109	901	-1
109	930	1
109	957	1
109	978	-1
109	997	1
110	301	-1
110	432	1
110	588	1
110	792	1
110	952	-1
110	974	1
110	981	1
111	451	-1
111	623	1
111	747	1
111	851	1
111	884	1
111	921	-1
111	952	1
112	104	-1
112	437	1
112	624	1
112	694	1
112	730	1
112	855	-1
112	939	-1
113	179	-1
113	657	-1
113	678	-1
113	861	-1
113	932	1
113	992	-1
113	997	1
114	628	-1
114	820	1
114	949	1
114	961	1
114	983	1
114	988	1
114	996	1
115	305	-1
115	632	1
115	893	1
115	942	1
115	951	1
115	969	-1
115	984	1
116	5	1
116	409	-1
116	729	1
116	741	1
116	776	1
116	884	-1
116	996	-1
117	6	1
117	19	-1
117	276	1
117	315	1
117	907	-1
117	967	1
117	997	1
118	676	-1
118	754	-1
118	863	1
118	869	1
118	976	1
118	982	1
118	999	-1
119	551	1
119	600	-1
119	746	-1
119	841	1
119	924	1
119	995	-1
119	999	-1
120	306	1
120	698	1
120	894	1
120	910	-1
120	951	-1
120	952	1
120	994	1
121	324	1
121	359	1
121	802	-1
121	815	1
121	819	1
121	917	-1
121	977	-1
122	113	1
122	221	-1
122	837	-1
122	852	1
122	889	1
122	937	-1
122	997	1
123	228	1
123	576	1
123	911	-1
123	933	1
123	953	1
123	978	-1
123	991	-1
124	251	-1
124	292	1
124	766	1
124	777	-1
124	852	-1
124	990	1
124	994	-1
125	701	1
125	763	-1
125	914	-1
125	924	-1
125	970	-1
125	990	-1
125	993	1
126	787	1
126	922	-1
126	964	1
126	981	-1
126	986	1
126	987	1
126	994	-1
127	204	-1
127	799	-1
127	938	1
127	954	-1
127	978	1
127	990	1
127	991	-1
128	601	1
128	701	-1
128	854	1
128	940	1
128	963	1
128	968	1
128	990	1
129	214	1
129	829	1
129	833	1
129	902	1
129	929	-1
129	935	1
129	995	1
130	477	-1
130	785	1
130	792	-1
130	822	1
130	881	-1
130	908	1
130	942	1
131	483	-1
131	622	-1
131	826	1
131	938	1
131	941	1
131	945	1
131	950	-1
132	480	-1
132	592	1
132	689	1
132	847	1
132	857	1
132	989	1
132	997	-1
133	652	-1
133	754	1
133	785	-1
133	814	1
133	904	1
133	948	1
133	980	1
134	327	1
134	735	1
134	747	1
134	855	1
134	946	1
134	953	-1
134	961	1
135	27	-1
135	858	1
135	899	-1
135	955	1
135	979	1
135	984	1
135	993	-1
136	352	1
136	390	1
136	533	-1
136	761	1
136	862	-1
136	873	-1
136	876	1
137	157	1
137	447	-1
137	833	-1
137	872	1
137	979	-1
137	983	1
137	989	1
138	136	-1
138	181	1
138	804	1
138	879	1
138	949	1
138	981	1
138	998	1
139	119	1
139	288	-1
139	557	1
139	638	1
139	718	-1
139	876	1
139	926	-1
140	279	1
140	528	1
140	772	1
140	837	-1
140	922	-1
140	954	1
140	994	-1
141	40	1
141	425	-1
141	432	-1
141	452	1
141	706	-1
141	876	1
141	980	-1
142	224	1
142	325	-1
142	518	-1
142	567	1
142	939	1
142	950	-1
142	990	1
143	590	1
143	739	1
143	787	1
143	979	-1
143	987	1
143	994	1
143	998	-1
144	594	-1
144	846	-1
144	933	-1
144	937	1
144	972	-1
144	973	1
144	995	1
145	402	-1
145	812	1
145	853	-1
145	959	-1
145	988	1
145	989	-1
145	996	1
146	354	1
146	731	1
146	805	1
146	953	1
146	961	1
146	988	1
146	994	1
147	405	1
147	463	1
147	940	-1
147	973	-1
147	975	1
147	981	-1
147	989	1
148	472	-1
148	565	-1
148	676	1
148	856	-1
148	883	1
148	910	1
148	973	1
149	164	-1
149	766	-1
149	821	1
149	863	1
149	935	-1
149	965	1
149	980	-1
150	692	1
150	830	-1
150	859	1
150	867	-1
150	932	1
150	979	1
150	998	1
151	463	1
151	866	-1
151	933	1
151	961	1
151	977	-1
151	997	-1
151	999	1
152	774	1
152	905	-1
152	910	-1
152	952	1
152	963	1
152	975	-1
152	986	1
153	403	1
153	550	-1
153	608	1
153	901	1
153	984	-1
153	995	-1
153	998	1
154	274	-1
154	626	1
154	838	-1
154	926	1
154	957	-1
154	989	-1
154	996	1
155	486	1
155	673	-1
155	956	-1
155	974	-1
155	981	-1
155	990	1
155	992	1
156	111	1
156	805	-1
156	956	-1
156	963	1
156	971	-1
156	985	1
156	994	1
157	115	1
157	467	-1
157	780	1
157	827	1
157	971	-1
157	975	1
157	982	-1
158	811	1
158	823	-1
158	875	1
158	926	1
158	939	1
158	962	1
158	989	1
159	612	-1
159	717	1
159	721	1
159	890	1
159	918	-1
159	944	1
159	987	-1
160	426	-1
160	894	1
160	923	-1
160	958	1
160	968	1
160	969	-1
160	994	1
161	699	1
161	814	1
161	823	1
161	951	-1
161	979	-1
161	980	1
161	992	-1
162	498	1
162	551	1
162	856	1
162	897	-1
162	954	-1
162	978	1
162	991	-1
163	234	1
163	529	1
163	535	-1
163	727	-1
163	910	1
163	937	1
163	995	1
164	455	1
164	603	-1
164	621	1
164	677	1
164	754	-1
164	941	-1
164	964	1
165	17	-1
165	20	1
165	109	1
165	599	1
165	946	-1
165	993	-1
165	997	1
166	629	1
166	887	-1
166	889	-1
166	891	1
166	927	1
166	969	1
166	995	-1
167	475	1
167	500	1
167	939	-1
167	965	1
167	974	1
167	981	-1
167	985	-1
168	144	-1
168	504	1
168	669	1
168	911	-1
168	989	-1
168	990	1
168	993	1
169	725	-1
169	933	1
169	953	1
169	982	-1
169	985	1
169	988	1
169	995	-1
170	40	-1
170	338	-1
170	453	1
170	838	1
170	952	-1
170	963	1
170	986	1
171	406	-1
171	819	1
171	844	-1
171	870	1
171	908	-1
171	990	1
171	999	-1
172	445	1
172	573	-1
172	663	-1
172	868	1
172	916	-1
172	964	-1
172	990	1
173	769	1
173	877	1
173	908	1
173	926	1
173	975	1
173	983	1
173	994	-1
174	287	1
174	602	-1
174	825	1
174	867	-1
174	931	-1
174	988	-1
174	990	1
175	21	-1
175	108	-1
175	600	1
175	807	1
175	862	1
175	996	1
175	997	1
176	590	-1
176	886	1
176	930	1
176	972	1
176	973	1
176	991	1
176	995	1
177	36	-1
177	285	-1
177	290	1
177	454	1
177	610	1
177	952	1
177	971	1
178	34	-1
178	530	1
178	627	-1
178	873	1
178	926	1
178	996	1
178	999	1
179	44	-1
179	166	1
179	476	1
179	890	-1
179	969	-1
179	972	1
179	976	-1
180	66	-1
180	507	1
180	889	1
180	904	-1
180	945	-1
180	950	1
180	997	1
181	659	-1
181	823	1
181	904	1
181	912	1
181	934	1
181	956	1
181	994	-1
182	26	1
182	297	1
182	374	1
182	824	1
182	936	-1
182	945	-1
182	957	-1
183	262	-1
183	759	1
183	771	1
183	826	1
183	887	-1
183	920	-1
183	993	1
184	373	1
184	781	1
184	795	-1
184	847	-1
184	906	1
184	913	1
184	995	1
185	54	-1
185	383	-1
185	931	1
185	938	-1
185	979	1
185	985	-1
185	997	1
186	268	1
186	379	-1
186	381	1
186	925	-1
186	928	-1
186	935	-1
186	986	-1
187	255	1
187	782	-1
187	940	-1
187	957	1
187	967	1
187	984	1
187	988	-1
188	275	1
188	577	-1
188	822	1
188	832	1
188	961	-1
188	968	-1
188	990	-1
189	166	-1
189	256	1
189	733	-1
189	770	-1
189	963	1
189	977	1
189	994	1
190	660	-1
190	693	1
190	916	1
190	979	-1
190	982	-1
190	990	-1
190	998	1
191	465	-1
191	677	1
191	734	1
191	807	-1
191	885	1
191	921	-1
191	963	1
192	533	1
192	701	-1
192	930	1
192	941	-1
192	954	1
192	958	-1
192	980	1
193	709	1
193	733	1
193	846	-1
193	848	-1
193	939	1
193	988	1
193	995	-1
194	52	-1
194	200	-1
194	732	-1
194	957	1
194	967	1
194	970	1
194	979	-1
195	484	1
195	503	1
195	693	-1
195	877	1
195	914	1
195	973	-1
195	983	-1
196	785	1
196	790	-1
196	841	1
196	871	1
196	901	-1
196	983	1
196	985	1
197	226	-1
197	690	-1
197	765	1
197	917	1
197	938	1
197	962	-1
197	978	1
198	743	1
198	835	-1
198	935	1
198	937	1
198	941	1
198	978	-1
198	984	-1
199	479	-1
199	639	-1
199	818	-1
199	820	1
199	872	1
199	899	1
199	999	-1
200	169	1
200	597	1
200	861	-1
200	909	1
200	979	-1
200	983	1
200	989	1
201	506	1
201	888	1
201	936	-1
201	945	1
201	978	1
201	987	-1
201	990	1
202	670	1
202	778	-1
202	805	-1
202	808	1
202	898	1
202	968	1
202	996	-1
203	213	-1
203	412	1
203	665	-1
203	924	1
203	936	1
203	975	-1
203	992	1
204	12	1
204	789	1
204	816	-1
204	875	1
204	897	1
204	987	-1
204	996	1
205	300	-1
205	404	1
205	535	1
205	691	-1
205	778	1
205	866	1
205	896	1
206	706	1
206	730	1
206	738	-1
206	895	-1
206	974	1
206	984	1
206	997	1
207	577	1
207	687	-1
207	777	1
207	807	1
207	914	1
207	935	-1
207	936	-1
208	217	1
208	525	1
208	914	-1
208	940	1
208	967	-1
208	972	-1
208	986	1
209	83	1
209	850	-1
209	870	1
209	910	-1
209	958	-1
209	961	-1
209	993	1
210	231	-1
210	450	-1
210	798	-1
210	827	-1
210	953	1
210	962	1
210	993	1
211	441	-1
211	487	-1
211	703	1
211	828	-1
211	834	1
211	900	-1
211	929	-1
212	472	1
212	682	1
212	773	1
212	923	1
212	968	-1
212	985	1
212	989	1
213	222	-1
213	346	1
213	943	-1
213	972	1
213	974	-1
213	991	1
213	995	1
214	184	1
214	212	-1
214	213	1
214	493	-1
214	883	1
214	910	1
214	941	1
215	284	1
215	786	1
215	805	1
215	880	1
215	932	-1
215	988	1
215	999	1
216	407	-1
216	715	1
216	766	1
216	890	1
216	993	1
216	994	-1
216	998	-1
217	469	-1
217	630	1
217	764	1
217	817	1
217	843	-1
217	853	1
217	877	-1
218	522	1
218	551	-1
218	760	-1
218	854	-1
218	962	1
218	967	-1
218	996	1
219	511	-1
219	607	1
219	705	-1
219	916	1
219	921	1
219	995	-1
219	998	1
220	194	-1
220	796	-1
220	800	-1
220	825	1
220	917	1
220	938	1
220	948	1
221	322	1
221	678	-1
221	869	1
221	874	1
221	888	1
221	964	-1
221	976	1
222	277	1
222	390	-1
222	435	1
222	663	-1
222	930	1
222	935	-1
222	939	-1
223	177	-1
223	342	1
223	445	-1
223	887	1
223	907	1
223	918	1
223	929	1
224	98	-1
224	603	-1
224	628	1
224	807	-1
224	917	1
224	931	-1
224	944	1
225	533	1
225	562	-1
225	594	1
225	948	-1
225	969	-1
225	990	-1
225	991	1
226	586	1
226	740	1
226	758	-1
226	932	-1
226	948	1
226	949	1
226	957	1
227	71	1
227	344	-1
227	570	-1
227	727	1
227	816	-1
227	951	1
227	999	1
228	259	1
228	379	1
228	757	1
228	773	1
228	971	-1
228	972	-1
228	996	1
229	447	1
229	491	-1
229	638	-1
229	671	1
229	727	1
229	986	-1
229	988	-1
230	812	1
230	843	1
230	868	-1
230	891	1
230	909	1
230	953	1
230	975	1
231	512	1
231	783	1
231	857	1
231	883	-1
231	981	-1
231	983	1
231	999	1
232	454	1
232	757	1
232	776	1
232	890	1
232	968	1
232	978	1
232	987	1
233	25	-1
233	85	1
233	438	-1
233	552	1
233	814	1
233	896	1
233	959	-1
234	291	1
234	418	1
234	676	1
234	930	1
234	956	-1
234	962	-1
234	995	1
235	723	-1
235	750	1
235	782	1
235	903	1
235	962	-1
235	968	1
235	987	-1
236	328	-1
236	620	-1
236	723	1
236	913	1
236	973	1
236	984	-1
236	991	1
237	802	1
237	834	-1
237	907	-1
237	925	1
237	949	-1
237	986	1
237	994	1
238	138	1
238	280	-1
238	474	-1
238	552	1
238	791	1
238	970	1
238	999	-1
239	357	-1
239	616	-1
239	811	1
239	819	1
239	880	-1
239	987	-1
239	997	-1
240	95	1
240	238	1
240	432	1
240	622	1
240	798	-1
240	945	-1
240	968	-1
241	219	1
241	615	-1
241	738	1
241	818	1
241	896	1
241	962	-1
241	972	-1
242	516	1
242	756	1
242	851	1
242	881	1
242	891	-1
242	910	-1
242	993	-1
243	56	-1
243	649	1
243	661	-1
243	716	1
243	755	1
243	921	1
243	934	-1
244	303	-1
244	389	1
244	691	1
244	932	-1
244	948	1
244	985	-1
244	998	1
245	737	1
245	923	-1
245	956	1
245	980	1
245	982	1
245	984	-1
245	987	-1
246	28	1
246	545	1
246	703	1
246	963	1
246	982	-1
246	991	-1
246	994	1
247	337	-1
247	543	-1
247	794	-1
247	923	1
247	949	1
247	962	1
247	999	-1
248	508	1
248	639	1
248	890	-1
248	892	-1
248	980	1
248	998	-1
248	999	-1
249	253	1
249	335	-1
249	380	-1
249	628	-1
249	800	-1
249	810	-1
249	869	-1
250	844	1
250	869	-1
250	945	1
250	954	-1
250	980	-1
250	989	-1
250	992	1
251	388	-1
251	476	1
251	531	-1
251	668	-1
251	922	1
251	956	-1
251	991	1
252	749	-1
252	826	1
252	917	1
252	924	1
252	967	-1
252	975	1
252	990	1
253	700	-1
253	704	-1
253	856	1
253	938	1
253	978	1
253	992	-1
253	995	-1
254	422	1
254	611	-1
254	684	1
254	698	-1
254	760	-1
254	913	1
254	999	-1
255	471	-1
255	502	1
255	837	1
255	931	1
255	964	-1
255	984	1
255	999	-1
256	412	-1
256	816	1
256	900	1
256	917	-1
256	961	-1
256	971	-1
256	986	1
257	227	-1
257	837	1
257	883	-1
257	897	-1
257	905	1
257	979	1
257	997	-1
258	73	1
258	699	1
258	715	-1
258	848	-1
258	850	-1
258	907	1
258	921	1
259	58	1
259	72	1
259	472	1
259	529	-1
259	878	-1
259	897	1
259	983	1
260	491	-1
260	597	1
260	873	1
260	909	1
260	985	-1
260	989	-1
260	998	1
261	32	-1
261	559	1
261	805	-1
261	881	1
261	976	-1
261	977	1
261	986	1
262	264	1
262	738	-1
262	788	-1
262	803	1
262	977	1
262	987	1
262	996	-1
263	26	-1
263	728	1
263	768	1
263	783	1
263	842	1
263	915	1
263	995	-1
264	314	-1
264	550	-1
264	688	-1
264	700	1
264	860	1
264	919	1
264	987	1
265	24	1
265	771	-1
265	773	-1
265	851	1
265	903	1
265	946	1
265	966	1
266	291	-1
266	341	1
266	493	1
266	817	-1
266	971	-1
266	992	1
266	993	1
267	9	-1
267	150	1
267	554	1
267	795	1
267	935	1
267	950	1
267	957	1
268	270	1
268	560	1
268	613	-1
268	881	1
268	945	-1
268	946	1
268	964	1
269	412	1
269	897	-1
269	944	1
269	957	-1
269	983	1
269	992	1
269	995	-1
270	598	1
270	797	-1
270	799	1
270	829	-1
270	894	1
270	958	-1
270	971	1
271	391	1
271	503	1
271	730	1
271	744	-1
271	875	-1
271	947	-1
271	996	1
272	548	1
272	690	1
272	879	1
272	887	1
272	896	1
272	968	1
272	998	1
273	418	-1
273	810	1
273	930	1
273	954	1
273	963	-1
273	995	1
273	996	-1
274	250	-1
274	779	-1
274	886	-1
274	935	1
274	941	1
274	991	1
274	995	1
275	114	-1
275	548	-1
275	683	1
275	785	1
275	841	1
275	921	1
275	992	1
276	443	-1
276	854	-1
276	858	1
276	943	1
276	950	-1
276	954	-1
276	997	1
277	31	-1
277	902	1
277	941	1
277	972	1
277	989	1
277	995	1
277	997	-1
278	74	1
278	257	1
278	281	-1
278	752	-1
278	932	1
278	950	1
278	999	-1
279	810	1
279	886	1
279	904	-1
279	913	1
279	935	1
279	973	-1
279	995	1
280	73	-1
280	561	1
280	640	-1
280	840	1
280	909	-1
280	990	1
280	992	1
281	80	1
281	940	1
281	965	-1
281	971	1
281	977	1
281	986	1
281	994	1
282	141	1
282	541	-1
282	745	1
282	797	-1
282	812	-1
282	858	-1
282	995	-1
283	554	1
283	814	-1
283	877	-1
283	957	1
283	991	-1
283	994	-1
283	997	1
284	210	-1
284	683	-1
284	719	-1
284	871	1
284	896	-1
284	961	1
284	999	1
285	30	-1
285	558	-1
285	651	1
285	801	1
285	925	-1
285	951	1
285	985	1
286	169	-1
286	627	1
286	798	1
286	901	1
286	927	-1
286	950	-1
286	981	1
287	452	1
287	458	1
287	618	1
287	759	1
287	839	-1
287	936	1
287	956	-1
288	29	-1
288	35	-1
288	149	1
288	389	1
288	418	-1
288	466	1
288	980	1
289	417	1
289	770	1
289	935	1
289	969	1
289	991	1
289	995	1
289	997	-1
290	67	-1
290	254	-1
290	697	1
290	937	-1
290	946	-1
290	964	1
290	968	1
291	606	1
291	770	-1
291	833	1
291	863	-1
291	902	-1
291	978	1
291	985	-1
292	116	1
292	717	1
292	821	-1
292	846	-1
292	936	1
292	937	-1
292	990	1
293	201	-1
293	337	1
293	712	1
293	792	-1
293	954	1
293	991	1
293	998	-1
294	223	1
294	682	1
294	804	1
294	853	1
294	974	1
294	994	-1
294	999	-1
295	111	-1
295	369	1
295	704	-1
295	797	1
295	804	-1
295	976	-1
295	983	1
296	96	1
296	195	1
296	702	1
296	877	1
296	892	-1
296	991	-1
296	993	-1
297	549	-1
297	614	1
297	779	1
297	911	1
297	980	1
297	983	-1
297	998	1
298	243	-1
298	581	-1
298	706	1
298	837	1
298	943	1
298	979	1
298	998	-1
299	218	1
299	645	1
299	662	-1
299	737	-1
299	947	1
299	985	1
299	999	1
300	295	-1
300	584	1
300	591	1
300	820	1
300	969	-1
300	975	-1
300	989	1
301	414	1
301	599	-1
301	826	1
301	856	1
301	890	1
301	896	-1
301	977	-1
302	127	1
302	433	1
302	460	1
302	477	1
302	569	-1
302	690	1
302	866	-1
303	458	1
303	684	-1
303	817	-1
303	939	1
303	947	1
303	989	1
303	990	-1
304	16	-1
304	448	-1
304	593	-1
304	784	1
304	889	-1
304	941	1
304	945	-1
305	371	1
305	376	-1
305	488	1
305	647	1
305	946	1
305	970	1
305	997	-1
306	400	-1
306	584	1
306	756	1
306	958	1
306	976	-1
306	987	-1
306	994	1
307	669	-1
307	800	-1
307	802	1
307	975	1
307	977	-1
307	996	1
307	999	1
308	57	1
308	515	1
308	615	1
308	719	-1
308	816	1
308	827	-1
308	893	-1
309	459	1
309	715	-1
309	845	-1
309	888	-1
309	907	1
309	976	1
309	998	1
310	107	1
310	440	1
310	918	1
310	960	1
310	962	-1
310	979	-1
310	991	-1
311	366	1
311	568	-1
311	659	1
311	852	1
311	943	1
311	996	-1
311	999	1
312	239	1
312	537	1
312	683	1
312	707	-1
312	813	1
312	988	-1
312	999	-1
313	462	1
313	525	-1
313	626	1
313	943	1
313	985	1
313	988	1
313	989	1
314	526	-1
314	546	1
314	762	-1
314	777	1
314	800	-1
314	947	1
314	985	1
315	395	-1
315	583	1
315	713	1
315	851	1
315	861	-1
315	982	-1
315	984	1
316	123	-1
316	595	1
316	746	-1
316	915	-1
316	972	-1
316	995	-1
316	998	1
317	130	1
317	774	-1
317	860	-1
317	867	1
317	875	1
317	996	1
317	999	1
318	772	-1
318	845	1
318	884	1
318	957	-1
318	966	1
318	977	-1
318	986	1
319	545	-1
319	926	-1
319	938	1
319	946	-1
319	980	-1
319	988	-1
319	993	1
320	358	1
320	507	1
320	599	1
320	917	-1
320	924	-1
320	970	1
320	984	1
321	145	1
321	508	-1
321	813	-1
321	857	1
321	875	1
321	942	1
321	965	-1
322	424	-1
322	637	1
322	714	1
322	965	1
322	982	1
322	989	-1
322	997	-1
323	271	1
323	321	1
323	677	-1
323	822	1
323	877	1
323	989	1
323	996	1
324	302	1
324	417	-1
324	638	1
324	856	1
324	870	1
324	952	-1
324	961	-1
325	339	1
325	782	1
325	816	1
325	876	-1
325	920	1
325	955	-1
325	960	-1
326	261	-1
326	874	1
326	956	-1
326	963	-1
326	974	1
326	977	-1
326	981	1
327	65	1
327	100	1
327	612	-1
327	871	-1
327	945	1
327	952	1
327	994	1
328	590	-1
328	790	1
328	840	1
328	978	1
328	986	-1
328	994	-1
328	996	-1
329	605	1
329	704	-1
329	808	1
329	897	1
329	914	1
329	983	1
329	988	1
330	406	1
330	656	1
330	925	-1
330	927	-1
330	965	1
330	982	1
330	998	1
331	390	1
331	446	1
331	545	1
331	582	-1
331	978	1
331	982	-1
331	992	-1
332	636	-1
332	680	1
332	763	-1
332	854	1
332	953	1
332	957	-1
332	975	1
333	401	1
333	526	-1
333	599	1
333	713	1
333	936	-1
333	969	-1
333	997	1
334	41	1
334	153	1
334	794	1
334	835	1
334	927	1
334	939	-1
334	972	1
335	208	1
335	292	-1
335	497	-1
335	520	1
335	853	1
335	991	-1
335	994	1
336	624	-1
336	682	1
336	779	1
336	783	1
336	826	-1
336	981	1
336	998	1
337	363	1
337	592	-1
337	712	-1
337	723	1
337	941	1
337	991	1
337	998	-1
338	47	-1
338	139	-1
338	486	1
338	824	-1
338	867	-1
338	990	1
338	997	-1
339	635	-1
339	696	1
339	903	1
339	910	-1
339	963	1
339	980	-1
339	994	1
340	662	-1
340	698	1
340	739	1
340	760	-1
340	940	1
340	948	-1
340	998	-1
341	795	1
341	817	1
341	958	1
341	966	1
341	986	1
341	991	-1
341	994	-1
342	48	-1
342	735	1
342	758	1
342	862	-1
342	947	-1
342	973	1
342	995	1
343	214	-1
343	489	1
343	855	-1
343	889	-1
343	931	1
343	979	1
343	980	-1
344	55	1
344	143	1
344	633	1
344	864	-1
344	902	-1
344	983	-1
344	994	1
345	43	-1
345	270	1
345	747	1
345	820	-1
345	953	-1
345	964	1
345	994	1
346	512	-1
346	742	1
346	758	1
346	895	1
346	954	1
346	955	-1
346	995	1
347	665	1
347	704	-1
347	784	1
347	859	1
347	889	1
347	924	-1
347	997	1
348	105	-1
348	134	1
348	456	-1
348	598	1
348	703	1
348	710	-1
348	898	1
349	410	1
349	717	-1
349	789	1
349	822	1
349	864	1
349	929	-1
349	996	-1
350	187	-1
350	528	1
350	913	1
350	922	1
350	961	-1
350	980	1
350	995	1
351	468	1
351	514	1
351	824	1
351	882	-1
351	948	1
351	990	-1
351	994	-1
352	94	1
352	479	-1
352	850	-1
352	868	1
352	870	1
352	984	-1
352	988	-1
353	741	1
353	759	1
353	846	-1
353	918	1
353	936	1
353	971	-1
353	993	1
354	147	1
354	556	1
354	641	1
354	678	-1
354	831	-1
354	970	-1
354	996	1
355	489	1
355	730	1
355	881	1
355	899	-1
355	932	1
355	957	1
355	993	-1
356	92	-1
356	333	1
356	648	1
356	746	-1
356	936	-1
356	967	1
356	980	-1
357	383	1
357	763	-1
357	853	-1
357	964	1
357	973	-1
357	987	1
358	74	1
358	367	1
358	768	-1
358	852	1
358	961	-1
358	969	-1
359	516	-1
359	838	-1
359	908	-1
359	925	-1
359	996	-1
359	997	-1
360	190	1
360	451	1
360	616	-1
360	674	-1
360	921	1
360	981	1
361	42	1
361	163	-1
361	901	-1
361	954	1
361	978	-1
361	996	-1
362	167	1
362	343	-1
362	874	-1
362	967	1
362	978	-1
362	997	1
363	192	1
363	636	-1
363	735	1
363	758	1
363	954	1
363	991	1
364	373	-1
364	810	-1
364	911	1
364	959	1
364	981	1
364	998	-1
365	45	1
365	215	-1
365	907	-1
365	916	-1
365	966	-1
365	990	1
366	587	-1
366	784	1
366	937	-1
366	984	1
366	992	-1
366	997	1
367	409	1
367	678	1
367	694	1
367	950	-1
367	973	-1
367	989	-1
368	101	-1
368	430	-1
368	906	-1
368	925	1
368	971	1
368	986	1
369	0	1
369	718	-1
369	764	-1
369	932	-1
369	988	1
369	993	-1
370	448	1
370	749	1
370	845	-1
370	866	1
370	897	-1
370	959	1
371	614	-1
371	916	1
371	928	-1
371	982	1
371	983	-1
371	986	1
372	748	1
372	873	1
372	951	1
372	964	-1
372	981	-1
372	999	1
373	251	1
373	547	1
373	787	-1
373	887	-1
373	973	-1
373	995	1
374	554	-1
374	589	1
374	818	-1
374	916	1
374	993	1
374	998	1
375	671	-1
375	839	-1
375	898	-1
375	924	1
375	992	1
375	999	-1
376	9	1
376	106	1
376	468	1
376	761	1
376	947	1
376	993	1
377	246	1
377	828	-1
377	903	1
377	946	1
377	958	1
377	986	1
378	238	-1
378	319	1
378	538	-1
378	571	1
378	683	1
378	992	1
379	788	-1
379	880	1
379	928	-1
379	933	1
379	958	-1
379	999	1
380	381	1
380	574	1
380	816	1
380	836	1
380	916	-1
380	974	-1
381	563	1
381	860	1
381	885	1
381	898	1
381	953	-1
381	963	-1
382	320	-1
382	347	-1
382	785	-1
382	834	-1
382	835	-1
382	964	-1
383	442	1
383	742	-1
383	925	1
383	949	-1
383	971	1
383	987	1
384	21	1
384	421	1
384	832	-1
384	917	1
384	962	1
384	984	-1
385	341	1
385	731	-1
385	834	1
385	899	-1
385	945	-1
385	987	1
386	442	-1
386	631	-1
386	791	1
386	974	1
386	980	1
386	998	-1
387	755	1
387	758	-1
387	880	-1
387	898	1
387	911	-1
387	956	1
388	227	1
388	820	1
388	848	1
388	864	1
388	875	-1
388	928	-1
389	16	-1
389	494	1
389	656	-1
389	830	-1
389	857	-1
389	981	1
390	38	1
390	456	1
390	748	-1
390	956	-1
390	979	-1
390	990	1
391	128	-1
391	313	1
391	739	-1
391	944	1
391	989	1
391	996	1
392	29	1
392	260	1
392	727	1
392	896	-1
392	988	1
392	991	-1
393	684	-1
393	901	1
393	920	-1
393	934	1
393	957	-1
393	982	1
394	46	1
394	642	-1
394	797	1
394	985	1
394	988	1
394	990	-1
395	13	1
395	269	-1
395	789	1
395	947	1
395	980	-1
395	989	1
396	152	-1
396	206	1
396	513	1
396	796	-1
396	943	1
396	997	1
397	494	-1
397	803	-1
397	950	1
397	957	1
397	967	1
397	984	1
398	78	1
398	391	1
398	444	1
398	764	-1
398	975	1
398	995	-1
399	258	-1
399	756	-1
399	935	-1
399	991	1
399	995	-1
399	998	-1
400	872	1
400	909	1
400	943	-1
400	984	-1
400	994	-1
400	996	1
401	248	-1
401	625	1
401	827	-1
401	828	1
401	905	1
401	957	1
402	704	1
402	787	-1
402	797	1
402	935	-1
402	979	-1
402	989	1
403	419	-1
403	829	-1
403	912	1
403	917	-1
403	959	1
403	980	1
404	642	1
404	711	-1
404	730	-1
404	928	1
404	959	1
404	998	1
405	7	1
405	289	-1
405	894	-1
405	962	1
405	966	-1
405	996	1
406	687	-1
406	792	1
406	835	-1
406	976	1
406	981	1
406	998	1
407	611	-1
407	696	-1
407	862	1
407	923	1
407	977	-1
407	988	1
408	505	1
408	544	1
408	751	-1
408	913	1
408	980	1
408	981	1
409	362	1
409	630	-1
409	947	-1
409	967	1
409	979	1
409	983	-1
410	63	1
410	231	1
410	909	1
410	989	1
410	995	-1
410	999	1
411	67	1
411	189	-1
411	607	-1
411	943	1
411	967	1
411	979	1
412	404	-1
412	470	1
412	754	-1
412	976	-1
412	978	1
412	987	-1
413	497	1
413	499	1
413	606	1
413	976	-1
413	987	1
413	991	1
414	126	-1
414	431	-1
414	806	-1
414	936	1
414	983	-1
414	998	-1
415	28	-1
415	433	-1
415	886	-1
415	939	-1
415	992	-1
415	993	1
416	486	-1
416	696	1
416	830	1
416	836	1
416	960	1
416	992	-1
417	59	1
417	720	1
417	736	1
417	926	-1
417	969	1
417	995	1
418	283	-1
418	289	1
418	495	-1
418	980	-1
418	991	1
418	995	1
419	110	1
419	133	1
419	873	-1
419	987	-1
419	988	-1
419	998	1
420	350	1
420	406	-1
420	769	1
420	878	1
420	992	-1
420	995	1
421	114	1
421	207	1
421	697	1
421	967	-1
421	993	-1
421	999	1
422	85	-1
422	134	1
422	332	-1
422	774	1
422	925	1
422	977	1
423	14	-1
423	205	1
423	643	-1
423	960	-1
423	974	-1
423	989	-1
424	708	1
424	831	-1
424	897	-1
424	903	-1
424	983	1
424	985	1
425	209	-1
425	250	1
425	751	-1
425	851	1
425	944	-1
425	963	-1
426	268	-1
426	331	1
426	944	1
426	992	1
426	993	1
426	995	-1
427	81	1
427	423	1
427	892	1
427	942	-1
427	945	1
427	954	-1
428	517	-1
428	857	1
428	949	1
428	951	1
428	975	1
428	992	-1
429	92	1
429	397	-1
429	522	-1
429	699	-1
429	737	-1
429	761	1
430	18	1
430	369	1
430	637	1
430	825	-1
430	863	1
430	985	-1
431	421	1
431	729	-1
431	893	1
431	951	1
431	962	1
431	999	1
432	18	1
432	221	1
432	541	1
432	923	-1
432	970	1
432	980	1
433	124	1
433	750	-1
433	954	-1
433	962	-1
433	992	1
433	993	1
434	81	1
434	905	-1
434	944	1
434	969	-1
434	983	-1
434	995	-1
435	186	-1
435	198	1
435	547	1
435	922	1
435	985	-1
435	995	1
436	103	1
436	468	-1
436	501	1
436	878	1
436	910	1
436	991	1
437	180	1
437	282	-1
437	906	-1
437	955	1
437	977	-1
437	997	1
438	576	1
438	780	1
438	843	1
438	926	1
438	947	1
438	998	1
439	52	1
439	57	1
439	793	-1
439	940	1
439	990	-1
439	994	-1
440	746	1
440	817	-1
440	863	1
440	960	1
440	975	-1
440	998	1
441	108	1
441	355	1
441	709	-1
441	858	1
441	881	-1
441	968	-1
442	340	1
442	831	1
442	879	-1
442	966	1
442	992	-1
442	994	1
443	655	-1
443	878	1
443	954	-1
443	987	-1
443	991	1
443	995	-1
444	230	1
444	891	-1
444	909	-1
444	939	1
444	958	-1
444	996	-1
445	15	1
445	349	-1
445	414	1
445	840	1
445	879	-1
445	996	-1
446	384	-1
446	429	1
446	689	-1
446	908	-1
446	938	-1
446	992	1
447	641	1
447	777	1
447	961	1
447	967	-1
447	968	-1
447	990	-1
448	488	1
448	849	1
448	874	1
448	958	-1
448	990	-1
448	998	1
449	364	1
449	480	1
449	778	1
449	885	-1
449	944	-1
449	981	1
450	377	1
450	455	1
450	524	1
450	855	1
450	966	-1
450	976	-1
451	534	1
451	771	-1
451	928	1
451	939	1
451	975	1
451	985	1
452	609	-1
452	685	-1
452	883	-1
452	917	1
452	933	-1
452	993	1
453	191	1
453	637	-1
453	767	-1
453	952	1
453	973	1
453	987	1
454	606	-1
454	945	1
454	973	-1
454	990	1
454	992	1
454	993	1
455	631	-1
455	920	1
455	963	1
455	968	1
455	971	1
455	990	-1
456	275	1
456	415	1
456	681	1
456	760	-1
456	966	-1
456	993	1
457	117	-1
457	518	1
457	846	1
457	864	-1
457	991	-1
457	995	1
458	163	-1
458	862	1
458	867	1
458	909	1
458	914	1
458	930	-1
459	188	-1
459	540	-1
459	755	-1
459	869	1
459	959	1
459	964	-1
460	104	1
460	130	-1
460	725	1
460	987	-1
460	993	1
460	998	-1
461	439	-1
461	640	1
461	664	1
461	871	-1
461	966	-1
461	984	1
462	371	-1
462	638	-1
462	785	1
462	980	-1
462	985	1
462	989	1
463	872	1
463	950	-1
463	953	1
463	988	1
463	989	1
463	999	1
464	182	1
464	382	-1
464	798	1
464	927	-1
464	965	1
464	985	-1
465	829	1
465	886	1
465	910	1
465	913	1
465	982	-1
465	991	1
466	43	1
466	100	-1
466	393	1
466	738	1
466	856	-1
466	912	-1
467	519	-1
467	901	1
467	946	-1
467	974	1
467	980	-1
467	982	1
468	372	-1
468	374	1
468	476	-1
468	904	1
468	974	1
468	999	-1
469	407	1
469	880	1
469	931	-1
469	975	1
469	992	-1
469	999	1
470	304	-1
470	427	1
470	595	-1
470	654	1
470	972	-1
470	978	1
471	310	1
471	459	-1
471	928	1
471	976	1
471	978	-1
471	988	-1
472	393	-1
472	509	1
472	680	1
472	681	-1
472	914	1
472	955	-1
473	399	-1
473	522	-1
473	905	1
473	943	1
473	969	-1
473	997	1
474	689	1
474	707	1
474	942	1
474	996	1
474	998	-1
474	999	1
475	90	1
475	613	-1
475	737	1
475	788	1
475	886	-1
475	911	-1
476	139	-1
476	689	-1
476	835	1
476	927	1
476	991	1
476	995	1
477	33	1
477	278	-1
477	606	-1
477	853	-1
477	863	-1
477	978	1
478	420	1
478	845	1
478	919	1
478	923	-1
478	986	1
478	990	-1
479	24	1
479	86	1
479	484	-1
479	836	-1
479	938	1
479	944	1
480	714	-1
480	720	1
480	842	1
480	874	1
480	928	1
480	967	-1
481	428	1
481	477	1
481	753	1
481	909	-1
481	965	-1
481	990	1
482	608	1
482	934	1
482	956	1
482	970	1
482	986	-1
482	994	-1
483	517	1
483	693	-1
483	814	1
483	875	-1
483	954	-1
483	979	-1
484	12	1
484	652	1
484	893	1
484	899	1
484	988	1
484	998	-1
485	573	-1
485	711	1
485	745	-1
485	778	1
485	788	1
485	866	1
486	55	1
486	794	-1
486	844	1
486	890	1
486	917	1
486	992	1
487	223	-1
487	261	1
487	750	1
487	944	-1
487	958	1
487	976	-1
488	272	1
488	602	-1
488	705	-1
488	714	1
488	958	-1
488	965	1
489	39	1
489	343	1
489	646	-1
489	941	-1
489	951	1
489	984	-1
490	425	-1
490	667	-1
490	831	1
490	925	1
490	963	-1
490	966	1
491	889	1
491	967	1
491	979	1
491	992	-1
491	996	-1
491	997	1
492	3	1
492	113	-1
492	601	-1
492	956	1
492	976	1
492	998	1
493	269	1
493	513	-1
493	727	-1
493	776	1
493	942	-1
493	952	-1
494	326	1
494	500	1
494	583	-1
494	925	-1
494	965	1
494	981	1
495	539	1
495	562	1
495	656	-1
495	678	1
495	892	1
495	894	-1
496	436	-1
496	679	1
496	899	1
496	908	1
496	983	1
496	989	1
497	50	1
497	106	1
497	174	-1
497	346	1
497	623	-1
497	781	1
498	313	-1
498	410	-1
498	870	-1
498	938	1
498	981	-1
498	987	-1
499	598	-1
499	646	1
499	769	1
499	786	-1
499	941	1
499	973	1
500	492	1
500	887	1
500	921	1
500	974	1
500	979	-1
500	980	-1
501	225	-1
501	631	1
501	922	1
501	943	-1
501	949	-1
501	991	1
502	199	-1
502	687	1
502	990	1
502	991	-1
502	993	-1
502	997	1
503	237	-1
503	553	1
503	828	-1
503	836	1
503	989	1
503	996	1
504	170	-1
504	567	1
504	795	-1
504	868	1
504	872	-1
504	978	-1
505	156	-1
505	310	1
505	393	1
505	537	-1
505	587	1
505	869	1
506	375	1
506	697	-1
506	750	-1
506	758	-1
506	872	-1
506	992	1
507	56	1
507	950	1
507	957	1
507	977	-1
507	994	-1
507	997	1
508	93	1
508	536	1
508	542	1
508	974	1
508	976	1
508	985	-1
509	405	1
509	603	1
509	682	-1
509	708	1
509	790	1
509	989	1
510	61	1
510	358	-1
510	711	1
510	821	1
510	975	1
510	980	1
511	242	1
511	705	1
511	756	1
511	884	1
511	985	-1
511	988	-1
512	740	-1
512	847	1
512	898	-1
512	951	1
512	953	1
512	999	1
513	311	1
513	650	1
513	779	-1
513	924	-1
513	955	1
513	967	1
514	541	1
514	938	-1
514	941	-1
514	965	1
514	990	-1
514	998	1
515	232	-1
515	235	1
515	345	-1
515	496	-1
515	764	1
515	972	1
516	340	1
516	843	-1
516	894	1
516	914	-1
516	968	1
516	994	1
517	151	-1
517	904	1
517	929	1
517	959	1
517	966	-1
517	980	-1
518	294	-1
518	661	1
518	672	-1
518	882	1
518	923	-1
518	995	1
519	98	1
519	487	1
519	511	-1
519	799	1
519	885	1
519	977	1
520	565	1
520	686	-1
520	836	1
520	977	1
520	988	-1
520	994	1
521	115	-1
521	155	1
521	693	-1
521	981	-1
521	990	1
521	992	1
522	239	1
522	395	1
522	708	1
522	962	1
522	993	-1
522	999	1
523	178	1
523	195	1
523	349	-1
523	971	-1
523	988	1
523	996	1
524	831	1
524	898	1
524	900	1
524	904	1
524	988	1
524	993	-1
525	584	1
525	952	1
525	971	1
525	991	-1
525	993	-1
525	994	-1
526	540	-1
526	581	1
526	706	1
526	954	-1
526	961	-1
526	997	1
527	75	1
527	462	-1
527	549	1
527	713	-1
527	775	1
527	832	-1
528	79	-1
528	499	1
528	654	-1
528	910	-1
528	969	1
528	995	1
529	42	-1
529	334	1
529	721	-1
529	759	-1
529	937	1
529	991	-1
530	11	-1
530	78	1
530	871	1
530	949	1
530	953	-1
530	985	1
531	37	1
531	154	1
531	286	-1
531	908	1
531	965	1
531	983	-1
532	529	1
532	835	-1
532	877	-1
532	918	-1
532	951	-1
532	995	1
533	50	1
533	234	1
533	833	1
533	910	-1
533	990	-1
533	993	-1
534	259	1
534	422	-1
534	731	1
534	786	1
534	821	-1
534	975	1
535	722	-1
535	882	-1
535	888	1
535	948	1
535	956	-1
535	982	-1
536	430	1
536	729	-1
536	960	1
536	978	-1
536	995	-1
536	998	1
537	361	-1
537	539	-1
537	729	1
537	878	-1
537	924	1
537	990	1
538	835	-1
538	899	-1
538	905	1
538	950	1
538	955	-1
538	977	-1
539	77	-1
539	283	1
539	597	-1
539	795	1
539	905	1
539	928	1
540	479	-1
540	607	1
540	783	1
540	823	1
540	934	1
540	983	-1
541	27	1
541	190	1
541	449	1
541	666	-1
541	889	1
541	956	1
542	336	1
542	483	1
542	918	1
542	929	1
542	992	-1
542	997	-1
543	329	-1
543	852	1
543	914	-1
543	967	-1
543	984	1
543	997	1
544	121	-1
544	876	1
544	918	1
544	929	1
544	963	-1
544	974	-1
545	244	-1
545	506	-1
545	563	1
545	753	1
545	881	1
545	994	-1
546	135	-1
546	685	1
546	825	-1
546	893	1
546	977	-1
546	989	1
547	919	-1
547	934	-1
547	954	1
547	969	1
547	973	1
547	995	1
548	173	-1
548	544	-1
548	617	1
548	888	1
548	944	-1
548	962	-1
549	888	-1
549	943	1
549	950	1
549	967	1
549	979	1
549	999	-1
550	675	1
550	865	1
550	920	-1
550	946	-1
550	995	-1
550	996	1
551	124	1
551	353	-1
551	736	-1
551	976	1
551	981	-1
551	990	-1
552	62	1
552	571	-1
552	662	1
552	750	-1
552	888	1
552	999	-1
553	146	1
553	496	1
553	502	-1
553	561	1
553	908	1
553	951	1
554	403	-1
554	485	-1
554	719	1
554	786	-1
554	905	1
554	979	1
555	694	1
555	891	1
555	912	1
555	934	1
555	997	-1
555	998	1
556	230	1
556	757	1
556	801	1
556	961	1
556	991	-1
556	994	-1
557	178	1
557	266	1
557	408	-1
557	725	1
557	811	1
557	903	-1
558	14	1
558	399	1
558	518	1
558	890	-1
558	972	1
558	991	-1
559	734	1
559	801	-1
559	851	1
559	927	-1
559	940	1
559	984	-1
560	519	1
560	677	1
560	844	-1
560	864	-1
560	987	1
560	999	1
561	232	1
561	334	-1
561	604	1
561	609	1
561	633	-1
561	944	1
562	640	1
562	741	-1
562	824	-1
562	861	1
562	892	-1
562	979	-1
563	315	1
563	365	-1
563	670	1
563	739	1
563	799	1
563	977	1
564	431	1
564	544	-1
564	619	1
564	748	1
564	789	1
564	952	-1
565	160	1
565	394	-1
565	450	1
565	977	1
565	983	-1
565	994	1
566	79	1
566	760	1
566	832	1
566	925	1
566	949	-1
566	966	1
567	483	1
567	711	-1
567	715	1
567	793	1
567	924	1
567	999	-1
568	305	1
568	655	-1
568	675	-1
568	976	1
568	982	1
568	995	-1
569	375	-1
569	482	1
569	739	-1
569	960	1
569	981	-1
569	997	-1
570	839	-1
570	924	-1
570	941	1
570	991	1
570	992	-1
570	995	1
571	811	1
571	870	1
571	929	-1
571	959	-1
571	966	-1
571	973	-1
572	587	1
572	693	1
572	770	-1
572	860	-1
572	928	1
572	998	1
573	364	-1
573	884	1
573	952	1
573	966	1
573	969	-1
573	971	1
574	787	1
574	808	1
574	830	-1
574	849	-1
574	855	1
574	981	-1
575	338	1
575	627	1
575	653	-1
575	729	1
575	806	1
575	821	-1
576	509	1
576	562	-1
576	733	1
576	915	-1
576	986	-1
576	988	-1
577	873	-1
577	947	1
577	948	-1
577	967	-1
577	985	1
577	988	1
578	426	-1
578	924	-1
578	950	-1
578	961	1
578	989	1
578	999	1
579	591	-1
579	908	-1
579	966	1
579	977	1
579	987	1
579	994	1
580	249	1
580	280	1
580	707	-1
580	942	-1
580	944	1
580	960	-1
581	257	1
581	356	-1
581	447	-1
581	931	1
581	963	-1
581	997	1
582	611	-1
582	896	1
582	907	1
582	934	-1
582	938	-1
582	990	-1
583	39	1
583	521	-1
583	588	-1
583	933	-1
583	943	1
583	955	1
584	478	1
584	840	-1
584	885	1
584	898	1
584	980	-1
584	987	1
585	539	1
585	649	-1
585	892	1
585	919	-1
585	991	-1
585	997	1
586	117	1
586	370	-1
586	401	1
586	775	1
586	782	-1
586	889	1
587	401	-1
587	494	1
587	596	1
587	662	1
587	868	-1
587	986	-1
588	132	1
588	175	1
588	616	1
588	692	-1
588	804	-1
588	978	-1
589	240	1
589	916	1
589	927	-1
589	929	1
589	953	-1
589	982	1
590	103	1
590	895	1
590	902	-1
590	912	-1
590	937	1
590	978	-1
591	825	-1
591	848	1
591	922	-1
591	985	1
591	997	1
591	999	1
592	296	1
592	388	1
592	429	-1
592	724	-1
592	897	1
592	999	1
593	487	1
593	644	1
593	858	1
593	968	-1
593	979	1
593	984	1
594	634	1
594	646	1
594	878	1
594	951	-1
594	990	-1
594	995	1
595	97	-1
595	326	1
595	462	-1
595	575	-1
595	976	1
595	980	1
596	336	1
596	582	1
596	672	1
596	865	-1
596	904	1
596	976	1
597	138	-1
597	378	-1
597	388	1
597	786	1
597	809	1
597	874	-1
598	126	1
598	240	-1
598	803	1
598	878	-1
598	906	1
598	987	-1
599	63	-1
599	122	1
599	415	-1
599	830	-1
599	892	1
599	920	-1
600	523	1
600	559	-1
600	742	-1
600	854	1
600	951	1
600	983	1
601	22	1
601	578	-1
601	679	-1
601	903	1
601	968	1
601	999	-1
602	47	1
602	673	1
602	715	-1
602	849	-1
602	987	-1
602	994	-1
603	49	1
603	502	-1
603	887	-1
603	908	1
603	933	1
603	988	1
604	159	1
604	608	-1
604	832	1
604	932	-1
604	992	1
604	996	-1
605	683	-1
605	857	1
605	947	1
605	949	1
605	989	1
605	996	1
606	457	1
606	478	1
606	625	1
606	740	-1
606	781	1
606	906	1
607	54	1
607	276	-1
607	430	-1
607	582	1
607	815	-1
607	983	-1
608	162	-1
608	509	-1
608	517	1
608	572	1
608	837	-1
608	960	1
609	790	-1
609	813	1
609	836	-1
609	888	-1
609	993	1
609	996	-1
610	164	1
610	453	-1
610	615	1
610	756	1
610	958	1
610	997	-1
611	348	1
611	778	1
611	915	1
611	919	-1
611	979	-1
611	998	1
612	112	1
612	413	-1
612	658	1
612	691	-1
612	802	-1
612	997	1
613	648	-1
613	783	-1
613	787	-1
613	873	1
613	951	1
613	989	1
614	394	-1
614	408	1
614	475	1
614	589	1
614	896	1
614	955	-1
615	145	-1
615	344	1
615	589	1
615	831	1
615	964	1
615	987	1
616	216	-1
616	790	1
616	895	-1
616	986	-1
616	988	1
616	996	1
617	290	-1
617	508	1
617	568	1
617	619	-1
617	938	-1
617	981	1
618	481	1
618	726	-1
618	830	-1
618	832	1
618	840	1
618	866	-1
619	220	-1
619	651	1
619	688	1
619	703	-1
619	923	1
619	983	-1
620	438	1
620	721	1
620	780	-1
620	964	-1
620	985	-1
620	987	1
621	646	-1
621	710	1
621	870	-1
621	946	1
621	949	-1
621	964	1
622	309	1
622	703	-1
622	911	1
622	981	1
622	992	-1
622	998	-1
623	262	1
623	567	-1
623	684	1
623	725	1
623	850	1
623	958	1
624	719	1
624	784	1
624	950	1
624	984	1
624	987	-1
624	992	-1
625	366	1
625	526	1
625	534	-1
625	828	1
625	997	1
625	998	-1
626	572	-1
626	692	1
626	961	1
626	982	-1
626	989	-1
626	996	1
627	356	-1
627	732	-1
627	941	-1
627	970	1
627	974	-1
627	998	-1
628	272	-1
628	660	-1
628	818	-1
628	971	-1
628	989	-1
628	995	-1
629	634	1
629	921	-1
629	969	-1
629	972	1
629	973	1
629	991	1
630	189	1
630	830	1
630	850	1
630	943	-1
630	958	1
630	986	1
631	765	-1
631	895	1
631	922	1
631	937	1
631	971	-1
631	991	1
632	671	1
632	717	-1
632	801	1
632	926	1
632	986	1
632	996	1
633	670	1
633	712	-1
633	966	1
633	969	-1
633	987	-1
633	993	-1
634	501	1
634	618	1
634	972	1
634	973	-1
634	986	-1
634	989	-1
635	368	-1
635	616	1
635	781	-1
635	872	1
635	923	1
635	983	1
636	574	-1
636	978	1
636	981	-1
636	990	1
636	992	1
636	995	-1
637	779	1
637	912	1
637	920	-1
637	979	-1
637	982	1
637	988	-1
638	142	1
638	245	-1
638	680	-1
638	857	-1
638	945	-1
638	992	1
639	242	-1
639	461	-1
639	849	-1
639	948	1
639	982	1
639	986	-1
640	88	-1
640	267	1
640	848	-1
640	859	1
640	984	1
640	997	1
641	743	-1
641	752	1
641	942	1
641	968	-1
641	974	-1
641	985	1
642	306	-1
642	589	1
642	744	1
642	901	1
642	969	-1
642	998	1
643	196	1
643	400	1
643	709	1
643	894	-1
643	946	-1
643	953	1
644	1	-1
644	583	1
644	842	-1
644	950	1
644	979	1
644	997	1
645	694	-1
645	772	-1
645	827	1
645	983	1
645	988	-1
645	989	1
646	536	-1
646	768	1
646	770	1
646	935	1
646	991	1
646	992	-1
647	658	-1
647	901	-1
647	918	1
647	926	-1
647	970	1
647	998	1
648	298	1
648	650	1
648	962	-1
648	976	-1
648	982	-1
648	997	1
649	387	-1
649	481	-1
649	547	-1
649	891	1
649	960	1
649	982	-1
650	858	1
650	880	-1
650	955	1
650	979	1
650	984	1
650	988	-1
651	419	-1
651	564	1
651	933	-1
651	953	1
651	962	-1
651	999	1
652	180	-1
652	392	1
652	553	1
652	944	-1
652	985	1
652	988	1
653	542	-1
653	858	1
653	935	-1
653	957	1
653	979	1
653	998	-1
654	125	1
654	523	-1
654	601	-1
654	841	1
654	988	-1
654	990	-1
655	564	-1
655	708	-1
655	794	1
655	829	1
655	852	-1
655	995	1
656	492	1
656	592	-1
656	783	1
656	918	1
656	940	-1
656	947	-1
657	167	1
657	935	-1
657	952	-1
657	960	1
657	981	1
657	998	1
658	68	-1
658	674	1
658	931	1
658	967	1
658	974	-1
658	979	1
659	135	-1
659	740	1
659	839	1
659	901	1
659	947	-1
659	950	1
660	297	1
660	639	1
660	788	1
660	882	-1
660	916	1
660	953	-1
661	465	1
661	610	-1
661	882	1
661	922	1
661	989	-1
661	995	1
662	288	1
662	607	1
662	976	1
662	981	1
662	990	-1
662	997	-1
663	173	1
663	316	-1
663	864	1
663	919	-1
663	942	1
663	949	-1
664	397	1
664	527	1
664	680	-1
664	795	1
664	948	-1
664	997	1
665	687	1
665	828	1
665	852	1
665	891	-1
665	950	1
665	996	-1
666	256	-1
666	367	1
666	899	1
666	939	1
666	989	1
666	999	1
667	129	-1
667	640	-1
667	933	-1
667	986	-1
667	992	1
667	993	1
668	279	1
668	465	1
668	743	1
668	768	1
668	782	-1
668	824	-1
669	824	-1
669	841	1
669	861	-1
669	934	-1
669	942	-1
669	993	1
670	560	1
670	844	-1
670	884	1
670	921	-1
670	972	1
670	986	1
671	123	1
671	329	1
671	645	-1
671	784	-1
671	947	1
671	990	1
672	6	1
672	575	1
672	874	-1
672	881	-1
672	890	1
672	936	1
673	216	-1
673	819	1
673	852	-1
673	856	1
673	869	-1
673	924	1
674	833	-1
674	955	1
674	957	1
674	978	-1
674	982	-1
674	997	1
675	120	1
675	185	-1
675	523	1
675	877	1
675	961	1
675	999	1
676	236	1
676	655	1
676	829	1
676	922	1
676	991	1
676	995	1
677	457	-1
677	787	1
677	850	1
677	851	1
677	958	1
677	997	-1
678	311	1
678	392	-1
678	625	1
678	896	-1
678	932	-1
678	997	1
679	532	-1
679	827	1
679	942	1
679	963	-1
679	967	-1
679	983	1
680	212	1
680	635	1
680	854	1
680	940	-1
680	983	-1
680	993	-1
681	724	-1
681	834	1
681	855	-1
681	990	1
681	991	-1
681	992	1
682	127	-1
682	744	1
682	894	-1
682	907	1
682	948	1
682	976	1
683	481	1
683	725	1
683	945	1
683	949	-1
683	959	-1
683	990	1
684	566	1
684	916	1
684	964	1
684	966	1
684	987	1
684	994	1
685	303	1
685	394	-1
685	911	-1
685	930	-1
685	942	1
685	996	-1
686	672	1
686	681	1
686	978	1
686	986	-1
686	993	1
686	995	-1
687	461	1
687	584	-1
687	659	1
687	698	-1
687	984	1
687	997	1
688	578	1
688	643	1
688	679	1
688	842	-1
688	843	-1
688	995	-1
689	137	1
689	308	-1
689	688	1
689	960	-1
689	985	1
689	999	1
690	506	1
690	553	-1
690	675	-1
690	800	1
690	992	1
690	996	-1
691	286	-1
691	841	-1
691	915	1
691	934	1
691	960	1
691	998	1
692	102	1
692	333	1
692	795	1
692	859	1
692	970	-1
692	998	-1
693	0	-1
693	172	-1
693	449	1
693	732	1
693	934	1
693	936	-1
694	13	-1
694	604	-1
694	837	1
694	842	-1
694	931	1
694	997	1
695	154	1
695	757	1
695	847	1
695	903	-1
695	960	-1
695	984	-1
696	353	-1
696	429	-1
696	919	1
696	964	1
696	977	1
696	990	-1
697	645	1
697	782	1
697	860	1
697	927	-1
697	946	1
697	997	1
698	147	-1
698	265	1
698	325	1
698	630	1
698	971	1
698	981	-1
699	17	1
699	318	-1
699	473	-1
699	780	-1
699	934	1
699	959	1
700	685	-1
700	838	1
700	881	1
700	963	1
700	964	1
700	987	1
701	267	-1
701	528	-1
701	716	-1
701	793	1
701	871	-1
701	990	1
702	359	-1
702	752	1
702	906	-1
702	923	1
702	975	1
702	991	-1
703	362	-1
703	416	1
703	900	1
703	952	1
703	973	1
703	977	1
704	427	-1
704	748	1
704	751	1
704	805	1
704	989	1
704	996	1
705	757	-1
705	885	1
705	958	1
705	968	1
705	977	1
705	988	-1
706	441	-1
706	446	-1
706	527	1
706	861	1
706	904	-1
706	997	1
707	131	-1
707	309	1
707	608	-1
707	953	1
707	988	1
707	996	1
708	193	1
708	753	-1
708	791	-1
708	809	-1
708	988	1
708	999	1
709	271	1
709	620	-1
709	879	-1
709	982	-1
709	985	1
709	999	1
710	360	-1
710	934	-1
710	946	1
710	966	1
710	986	1
710	994	1
711	254	-1
711	728	1
711	823	1
711	950	-1
711	976	1
711	982	1
712	668	1
712	895	1
712	927	1
712	966	-1
712	972	1
712	991	1
713	194	1
713	228	1
713	762	1
713	931	1
713	974	-1
713	984	1
714	482	1
714	485	1
714	741	-1
714	818	1
714	849	1
714	970	1
715	363	-1
715	521	1
715	583	-1
715	981	-1
715	986	-1
715	992	1
716	596	1
716	699	-1
716	909	-1
716	974	1
716	975	-1
716	999	1
717	84	1
717	183	1
717	728	-1
717	926	-1
717	970	-1
717	996	-1
718	10	-1
718	215	1
718	300	1
718	675	1
718	947	1
718	975	1
719	51	-1
719	155	-1
719	585	1
719	653	1
719	955	1
719	989	-1
720	399	1
720	576	-1
720	906	1
720	937	-1
720	969	1
720	991	1
721	87	-1
721	505	-1
721	868	1
721	979	-1
721	991	-1
721	992	1
722	158	1
722	776	-1
722	788	-1
722	843	1
722	854	1
722	999	1
723	420	1
723	570	1
723	631	1
723	720	1
723	884	-1
723	972	1
724	490	1
724	559	1
724	699	-1
724	706	-1
724	964	1
724	966	1
725	437	-1
725	686	-1
725	766	-1
725	844	1
725	937	1
725	947	-1
726	99	-1
726	158	-1
726	466	1
726	921	1
726	956	1
726	976	1
727	141	-1
727	658	-1
727	865	1
727	942	1
727	975	-1
727	996	1
728	161	1
728	921	1
728	943	-1
728	944	-1
728	970	1
728	998	1
729	60	1
729	389	-1
729	755	-1
729	939	-1
729	945	1
729	993	1
730	112	-1
730	653	-1
730	762	1
730	940	-1
730	955	-1
730	995	1
731	475	-1
731	600	1
731	880	1
731	959	-1
731	972	-1
731	996	1
732	370	1
732	511	-1
732	887	1
732	960	1
732	985	-1
732	998	1
733	822	1
733	933	1
733	961	1
733	972	-1
733	988	1
733	999	1
734	23	-1
734	574	1
734	863	-1
734	966	1
734	977	-1
734	988	-1
735	157	-1
735	734	-1
735	772	1
735	927	1
735	991	1
735	993	-1
736	846	-1
736	859	-1
736	941	1
736	973	-1
736	995	1
736	997	-1
737	467	1
737	686	-1
737	837	-1
737	849	1
737	960	1
737	976	1
738	720	-1
738	792	1
738	821	1
738	970	1
738	983	-1
738	995	-1
739	626	-1
739	853	1
739	885	1
739	902	-1
739	940	-1
739	958	1
740	473	1
740	587	-1
740	775	1
740	905	1
740	921	-1
740	991	-1
741	263	-1
741	721	1
741	746	-1
741	926	1
741	945	1
741	990	-1
742	203	1
742	253	1
742	906	1
742	941	1
742	989	-1
742	991	1
743	772	1
743	883	1
743	918	-1
743	958	1
743	991	1
743	996	-1
744	746	1
744	891	1
744	896	1
744	898	-1
744	912	1
744	989	1
745	121	1
745	161	-1
745	171	-1
745	301	1
745	936	1
745	948	-1
746	3	1
746	812	-1
746	888	1
746	893	-1
746	960	1
746	981	1
747	639	-1
747	764	1
747	860	1
747	909	-1
747	971	1
747	986	1
748	51	1
748	260	1
748	685	1
748	939	1
748	942	1
748	952	-1
749	247	1
749	535	1
749	752	-1
749	859	-1
749	916	1
749	960	1
750	951	-1
750	964	1
750	965	-1
750	971	1
750	983	1
750	994	-1
751	199	1
751	626	1
751	961	1
751	965	-1
751	976	-1
751	996	1
752	718	1
752	743	-1
752	870	-1
752	902	-1
752	961	-1
752	999	1
753	198	-1
753	252	1
753	581	-1
753	791	-1
753	812	-1
753	956	-1
754	380	1
754	521	-1
754	731	-1
754	851	1
754	898	1
754	966	1
755	107	1
755	175	-1
755	248	1
755	936	-1
755	970	1
755	980	1
756	712	-1
756	845	1
756	953	1
756	966	-1
756	968	1
756	994	1
757	577	1
757	613	-1
757	926	1
757	946	-1
757	977	-1
757	988	1
758	398	1
758	772	-1
758	882	1
758	954	1
758	995	1
758	996	1
759	323	-1
759	537	1
759	641	-1
759	761	1
759	951	-1
759	985	-1
760	747	1
760	968	1
760	971	1
760	972	-1
760	993	-1
760	997	-1
761	132	-1
761	504	1
761	825	1
761	832	1
761	876	1
761	937	-1
762	70	-1
762	307	1
762	644	1
762	665	1
762	847	-1
762	932	1
763	666	1
763	932	-1
763	936	-1
763	949	1
763	962	1
763	998	-1
764	4	1
764	610	1
764	614	-1
764	809	1
764	966	1
764	980	-1
765	416	-1
765	815	1
765	953	-1
765	971	-1
765	989	1
765	998	-1
766	174	1
766	426	1
766	749	1
766	813	-1
766	962	-1
766	978	1
767	38	-1
767	660	1
767	745	-1
767	818	-1
767	965	1
767	992	-1
768	532	1
768	661	1
768	888	-1
768	934	-1
768	937	1
768	991	1
769	558	1
769	810	1
769	897	-1
769	902	1
769	969	1
769	991	1
770	176	1
770	661	1
770	808	-1
770	960	-1
770	991	1
770	995	1
771	609	1
771	686	1
771	698	-1
771	868	-1
771	900	-1
771	942	-1
772	129	1
772	225	1
772	846	1
772	884	-1
772	969	1
772	981	-1
773	299	1
773	711	-1
773	802	1
773	807	1
773	947	1
773	999	1
774	400	-1
774	799	1
774	840	-1
774	938	-1
774	946	1
774	987	1
775	8	-1
775	278	1
775	345	-1
775	932	1
775	996	-1
775	997	1
776	84	1
776	614	-1
776	789	-1
776	808	-1
776	965	-1
776	990	1
777	319	-1
777	695	-1
777	877	1
777	964	-1
777	985	1
777	993	-1
778	419	1
778	510	1
778	585	-1
778	918	1
778	974	1
778	997	1
779	149	1
779	556	-1
779	959	-1
779	984	-1
779	996	-1
779	998	-1
780	229	1
780	233	-1
780	458	1
780	474	1
780	752	1
780	806	-1
781	883	1
781	906	1
781	913	1
781	937	1
781	942	-1
781	973	1
782	264	1
782	710	1
782	806	-1
782	808	-1
782	940	1
782	959	-1
783	245	1
783	744	1
783	881	-1
783	948	1
783	967	-1
783	998	1
784	491	-1
784	643	-1
784	762	1
784	932	1
784	996	-1
784	997	-1
785	91	-1
785	919	-1
785	923	1
785	934	-1
785	975	1
785	983	1
786	72	1
786	96	1
786	591	1
786	843	1
786	939	1
786	962	-1
787	524	1
787	899	1
787	903	1
787	971	1
787	985	-1
787	987	1
788	36	-1
788	931	-1
788	964	-1
788	980	1
788	988	-1
788	998	1
789	504	-1
789	649	-1
789	905	-1
789	985	-1
789	988	1
789	996	1
790	619	1
790	923	1
790	947	1
790	962	1
790	975	1
790	999	1
791	868	-1
791	908	-1
791	948	1
791	965	1
791	974	1
791	994	1
792	821	-1
792	842	1
792	950	-1
792	976	1
792	983	-1
792	999	-1
793	464	1
793	634	-1
793	917	1
793	952	-1
793	976	-1
793	992	1
794	293	1
794	743	1
794	761	-1
794	833	1
794	969	1
794	979	-1
795	813	1
795	828	1
795	839	1
795	859	1
795	984	1
795	991	-1
796	207	-1
796	765	1
796	869	-1
796	941	1
796	990	-1
796	992	1
797	600	1
797	605	1
797	780	-1
797	822	1
797	939	1
797	942	1
798	656	1
798	773	-1
798	960	1
798	970	1
798	976	1
798	992	1
799	579	-1
799	724	1
799	783	-1
799	987	1
799	992	-1
799	998	-1
800	597	1
800	648	-1
800	913	-1
800	945	1
800	982	-1
800	990	1
801	570	1
801	593	1
801	757	-1
801	933	1
801	994	-1
801	999	1
802	110	-1
802	666	1
802	857	-1
802	897	1
802	988	1
802	993	-1
803	357	1
803	503	-1
803	684	1
803	954	-1
803	964	1
803	994	1
804	572	1
804	622	1
804	892	-1
804	914	-1
804	965	1
804	998	-1
805	410	1
805	424	1
805	914	1
805	950	-1
805	995	-1
805	996	1
806	203	1
806	460	1
806	463	-1
806	931	-1
806	971	-1
806	990	1
807	531	-1
807	751	1
807	962	1
807	976	-1
807	990	-1
807	996	1
808	368	1
808	466	-1
808	695	-1
808	774	1
808	894	1
808	994	1
809	558	-1
809	647	-1
809	854	1
809	902	-1
809	975	1
809	983	1
810	673	-1
810	735	1
810	918	-1
810	969	1
810	973	1
810	995	1
811	11	1
811	95	-1
811	208	-1
811	714	-1
811	978	1
811	993	1
812	641	1
812	844	-1
812	959	-1
812	989	1
812	996	-1
812	999	1
813	387	-1
813	493	1
813	557	1
813	759	1
813	912	-1
813	997	1
814	682	-1
814	749	1
814	932	-1
814	959	-1
814	967	-1
814	981	-1
815	636	1
815	829	1
815	893	-1
815	944	1
815	973	-1
815	989	-1
816	702	-1
816	724	1
816	817	1
816	978	1
816	986	1
816	994	1
817	499	-1
817	764	1
817	900	1
817	958	1
817	992	-1
817	995	-1
818	88	1
818	210	-1
818	915	1
818	970	1
818	980	-1
818	996	-1
819	377	-1
819	771	1
819	922	-1
819	973	1
819	982	-1
819	986	-1
820	314	1
820	751	1
820	786	1
820	962	-1
820	985	1
820	999	1
821	514	1
821	913	1
821	946	-1
821	981	1
821	996	-1
821	998	-1
822	527	-1
822	586	-1
822	872	1
822	873	1
822	958	-1
822	996	1
823	862	-1
823	915	1
823	928	1
823	948	1
823	960	1
823	971	-1
824	434	-1
824	888	1
824	948	1
824	972	-1
824	981	1
824	998	1
825	620	1
825	917	1
825	965	-1
825	978	1
825	988	-1
825	994	-1
826	136	1
826	402	-1
826	423	-1
826	524	-1
826	929	-1
826	993	1
827	82	1
827	650	-1
827	917	-1
827	961	1
827	985	-1
827	996	1
828	241	-1
828	391	-1
828	826	1
828	892	1
828	931	1
828	973	1
829	629	1
829	833	1
829	895	1
829	949	-1
829	986	-1
829	991	1
830	109	-1
830	197	-1
830	478	1
830	922	-1
830	952	1
830	958	1
831	651	-1
831	700	1
831	750	1
831	845	1
831	925	1
831	996	-1
832	172	1
832	890	1
832	915	-1
832	951	-1
832	956	-1
832	993	1
833	70	1
833	443	1
833	745	-1
833	895	1
833	906	1
833	972	1
834	436	-1
834	754	1
834	946	1
834	968	1
834	987	1
834	998	-1
835	770	1
835	902	1
835	930	1
835	971	-1
835	977	-1
835	995	1
836	22	1
836	25	1
836	450	1
836	951	-1
836	973	-1
836	986	1
837	211	-1
837	692	1
837	850	-1
837	955	1
837	959	-1
837	997	1
838	673	1
838	776	-1
838	831	1
838	875	-1
838	952	1
838	963	1
839	196	-1
839	748	-1
839	907	-1
839	984	1
839	991	-1
839	997	1
840	201	1
840	667	1
840	843	-1
840	963	-1
840	989	-1
840	993	1
841	59	-1
841	763	-1
841	942	-1
841	951	-1
841	955	-1
841	998	-1
842	233	1
842	604	1
842	824	1
842	928	1
842	970	1
842	989	-1
843	823	-1
843	848	1
843	867	-1
843	871	1
843	949	-1
843	996	1
844	681	1
844	765	1
844	771	1
844	868	1
844	968	-1
844	995	-1
845	236	-1
845	894	1
845	920	1
845	940	1
845	970	-1
845	990	-1
846	435	1
846	515	-1
846	781	-1
846	913	-1
846	938	-1
846	991	-1
847	32	1
847	564	1
847	790	1
847	796	-1
847	949	1
847	955	-1
848	89	-1
848	384	1
848	679	1
848	885	-1
848	912	-1
848	996	1
849	505	1
849	647	1
849	910	-1
849	974	-1
849	986	-1
849	996	-1
850	665	-1
850	728	1
850	853	1
850	868	-1
850	919	1
850	994	1
851	803	1
851	830	1
851	941	-1
851	963	1
851	981	-1
851	987	1
852	83	-1
852	396	1
852	839	1
852	943	1
852	950	1
852	964	-1
853	211	-1
853	700	1
853	864	-1
853	920	1
853	995	-1
853	998	-1
854	229	1
854	802	1
854	871	1
854	939	-1
854	955	-1
854	994	-1
855	335	1
855	439	1
855	754	-1
855	900	1
855	905	-1
855	992	-1
856	454	-1
856	593	1
856	604	1
856	945	1
856	960	1
856	993	1
857	285	1
857	438	1
857	666	1
857	707	1
857	834	-1
857	992	1
858	396	1
858	411	1
858	909	-1
858	943	-1
858	971	-1
858	997	1
859	62	-1
859	304	1
859	397	1
859	664	1
859	671	-1
859	984	1
860	749	-1
860	874	-1
860	968	1
860	977	1
860	986	1
860	999	-1
861	889	1
861	949	-1
861	967	1
861	973	-1
861	979	1
861	997	1
862	552	-1
862	603	-1
862	872	1
862	908	1
862	919	-1
862	996	-1
863	46	-1
863	102	-1
863	339	-1
863	649	1
863	879	1
863	998	1
864	90	-1
864	663	1
864	714	-1
864	865	1
864	897	1
864	999	1
865	786	1
865	864	1
865	908	1
865	917	-1
865	977	-1
865	988	1
866	657	1
866	676	-1
866	803	-1
866	907	1
866	916	1
866	965	1
867	617	-1
867	865	1
867	899	1
867	903	-1
867	996	-1
867	999	1
868	76	1
868	427	1
868	654	-1
868	974	-1
868	984	-1
868	992	1
869	258	1
869	433	-1
869	726	1
869	878	-1
869	956	1
869	974	1
870	93	-1
870	632	1
870	800	1
870	991	-1
870	993	1
870	997	-1
871	312	-1
871	332	1
871	773	-1
871	865	1
871	989	1
871	998	-1
872	591	1
872	663	1
872	815	-1
872	819	-1
872	983	1
872	999	1
873	94	-1
873	209	-1
873	299	1
873	613	1
873	685	1
873	987	-1
874	322	1
874	654	-1
874	781	-1
874	852	-1
874	863	1
874	998	1
875	204	1
875	645	-1
875	951	1
875	956	-1
875	988	1
875	993	-1
876	76	1
876	116	1
876	365	1
876	784	-1
876	819	1
876	983	-1
877	643	1
877	777	1
877	780	1
877	923	1
877	961	1
877	996	1
878	637	-1
878	882	1
878	922	1
878	972	1
878	973	1
878	995	1
879	602	-1
879	767	1
879	841	1
879	948	1
879	970	1
879	975	-1
880	44	1
880	689	1
880	914	1
880	934	-1
880	953	1
880	955	-1
881	65	1
881	618	1
881	667	-1
881	801	-1
881	803	-1
881	838	1
882	556	-1
882	883	1
882	902	-1
882	927	1
882	933	-1
882	972	1
883	160	-1
883	354	-1
883	453	1
883	910	1
883	927	-1
883	973	1
884	765	-1
884	836	1
884	926	-1
884	987	-1
884	994	1
884	997	1
885	449	1
885	900	1
885	919	1
885	960	-1
885	971	1
885	987	1
886	436	1
886	755	-1
886	856	1
886	927	1
886	948	-1
886	991	1
887	779	1
887	833	-1
887	875	-1
887	904	-1
887	929	1
887	939	-1
888	137	-1
888	448	1
888	716	1
888	798	1
888	994	-1
888	998	1
889	538	1
889	648	1
889	968	-1
889	983	-1
889	992	-1
889	997	1
890	596	1
890	832	1
890	859	-1
890	965	-1
890	990	1
890	993	1
891	360	1
891	737	1
891	948	1
891	952	-1
891	982	1
891	999	-1
892	23	-1
892	101	1
892	320	1
892	658	1
892	807	-1
892	979	-1
893	444	1
893	605	1
893	657	-1
893	947	1
893	951	1
893	965	-1
894	128	1
894	324	-1
894	881	1
894	907	-1
894	987	-1
894	999	-1
895	413	1
895	629	1
895	883	1
895	947	-1
895	995	1
895	996	-1
896	627	-1
896	815	-1
896	849	1
896	872	-1
896	932	-1
896	998	1
897	33	-1
897	889	-1
897	938	-1
897	949	1
897	996	1
897	999	1
898	894	-1
898	919	-1
898	937	-1
898	952	1
898	968	1
898	987	1
899	451	1
899	680	1
899	702	1
899	802	1
899	882	-1
899	969	-1
900	159	-1
900	617	-1
900	633	-1
900	919	1
900	946	1
900	969	-1
901	263	1
901	330	1
901	642	1
901	691	1
901	993	-1
901	997	-1
902	342	1
902	742	1
902	829	1
902	950	-1
902	991	1
902	993	-1
903	246	1
903	709	-1
903	850	1
903	920	1
903	968	1
903	999	-1
904	464	1
904	813	-1
904	887	-1
904	970	1
904	979	-1
904	985	-1
905	581	1
905	687	1
905	861	1
905	994	-1
905	997	-1
905	999	-1
906	273	1
906	882	1
906	913	1
906	937	1
906	960	-1
906	978	-1
907	118	1
907	452	-1
907	959	1
907	965	-1
907	975	-1
907	984	-1
908	443	1
908	507	-1
908	718	1
908	949	-1
908	989	1
908	998	-1
909	474	1
909	760	1
909	897	1
909	933	1
909	981	-1
909	982	-1
910	222	1
910	594	1
910	873	-1
910	906	1
910	954	-1
910	991	1
911	688	-1
911	728	1
911	928	-1
911	956	1
911	990	-1
911	998	1
912	471	1
912	865	-1
912	871	-1
912	879	1
912	936	-1
912	974	1
913	53	1
913	361	1
913	445	-1
913	890	-1
913	927	1
913	935	1
914	125	-1
914	812	1
914	867	1
914	916	-1
914	989	-1
914	999	-1
915	555	1
915	568	1
915	821	1
915	929	-1
915	976	-1
915	995	-1
916	181	1
916	679	-1
916	774	-1
916	809	1
916	980	1
916	998	1
917	35	1
917	64	-1
917	378	1
917	571	1
917	825	1
917	877	-1
918	146	-1
918	775	1
918	842	1
918	901	1
918	970	1
918	987	-1
919	277	-1
919	697	-1
919	705	1
919	884	1
919	968	1
919	974	-1
920	45	-1
920	623	1
920	817	-1
920	977	-1
920	988	-1
920	994	1
921	411	-1
921	464	1
921	595	1
921	842	-1
921	966	-1
921	974	1
922	634	1
922	794	1
922	937	1
922	970	1
922	972	1
922	995	1
923	428	1
923	546	1
923	747	-1
923	752	1
923	878	1
923	880	-1
924	602	1
924	883	-1
924	964	1
924	979	-1
924	983	-1
924	990	1
925	442	1
925	697	1
925	955	-1
925	971	1
925	994	1
925	997	-1
926	492	-1
926	695	1
926	731	-1
926	796	-1
926	797	-1
926	999	1
927	768	1
927	769	1
927	886	1
927	913	1
927	935	1
927	996	-1
928	316	1
928	569	1
928	749	1
928	766	-1
928	965	-1
928	975	1
929	622	-1
929	726	1
929	820	-1
929	915	1
929	993	-1
929	997	-1
930	668	1
930	722	-1
930	810	1
930	927	1
930	954	1
930	969	1
931	543	1
931	845	-1
931	957	1
931	977	-1
931	979	1
931	996	-1
932	10	1
932	58	-1
932	403	1
932	513	-1
932	920	-1
932	967	1
933	218	1
933	722	1
933	952	-1
933	961	1
933	966	-1
933	994	-1
934	484	-1
934	874	1
934	907	1
934	921	1
934	958	-1
934	980	1
935	498	-1
935	644	-1
935	899	-1
935	954	1
935	991	1
935	995	1
936	563	-1
936	826	1
936	944	1
936	970	-1
936	978	1
936	992	1
937	331	-1
937	784	-1
937	941	1
937	969	1
937	989	-1
937	995	1
938	91	1
938	500	-1
938	620	-1
938	696	-1
938	978	1
938	990	1
939	402	-1
939	651	1
939	928	-1
939	985	1
939	996	1
939	999	1
940	224	1
940	385	1
940	633	1
940	885	1
940	893	-1
940	903	1
941	148	1
941	720	1
941	882	1
941	886	1
941	972	1
941	989	-1
942	323	1
942	632	1
942	809	-1
942	925	1
942	962	1
942	999	1
943	411	1
943	461	1
943	543	1
943	915	-1
943	967	-1
943	999	-1
944	415	1
944	741	1
944	866	-1
944	987	-1
944	997	-1
944	998	-1
945	168	1
945	793	1
945	915	-1
945	988	-1
945	989	-1
945	992	1
946	308	-1
946	566	1
946	609	-1
946	827	-1
946	964	-1
946	994	1
947	520	-1
947	635	1
947	664	1
947	797	1
947	807	1
947	981	-1
948	193	-1
948	244	1
948	611	1
948	794	-1
948	911	1
948	959	-1
949	398	1
949	414	-1
949	688	-1
949	867	1
949	968	-1
949	975	-1
950	165	1
950	409	1
950	933	1
950	955	1
950	963	-1
950	999	-1
951	41	1
951	302	-1
951	317	-1
951	642	-1
951	801	1
951	988	1
952	515	1
952	774	1
952	816	1
952	915	-1
952	990	-1
952	999	-1
953	691	-1
953	885	1
953	900	-1
953	961	1
953	996	1
953	999	1
954	538	-1
954	716	-1
954	878	1
954	935	1
954	969	1
954	981	-1
955	441	-1
955	912	-1
955	966	1
955	978	-1
955	983	-1
955	999	1
956	417	-1
956	431	-1
956	798	1
956	804	1
956	874	1
956	984	1
957	165	1
957	932	1
957	943	1
957	955	1
957	989	-1
957	999	-1
958	281	1
958	903	1
958	911	-1
958	987	1
958	994	1
958	996	-1
959	647	1
959	726	1
959	838	-1
959	869	1
959	956	1
959	980	1
960	191	-1
960	471	1
960	485	1
960	767	1
960	892	-1
960	984	-1
961	266	1
961	512	1
961	805	1
961	901	-1
961	926	1
961	962	1
962	284	1
962	834	-1
962	862	1
962	900	-1
962	904	-1
962	999	1
963	156	1
963	803	-1
963	887	-1
963	919	1
963	986	1
963	993	-1
964	459	1
964	520	1
964	681	-1
964	860	1
964	977	1
964	987	1
965	122	-1
965	404	1
965	755	1
965	862	-1
965	891	1
965	976	1
966	7	-1
966	516	1
966	565	1
966	879	1
966	971	1
966	991	-1
967	71	-1
967	352	-1
967	495	1
967	719	1
967	762	1
967	997	1
968	120	1
968	838	1
968	925	1
968	933	-1
968	945	-1
968	958	1
969	712	1
969	769	1
969	925	-1
969	929	-1
969	973	1
969	994	-1
970	657	1
970	929	1
970	974	1
970	976	1
970	982	1
970	996	1
971	237	1
971	348	1
971	834	1
971	920	1
971	955	1
971	986	1
972	590	1
972	736	1
972	801	1
972	930	1
972	945	1
972	995	-1
973	192	-1
973	723	1
973	794	1
973	902	-1
973	906	1
973	997	-1
974	206	1
974	925	-1
974	959	1
974	965	1
974	970	1
974	998	1
975	5	-1
975	200	1
975	790	1
975	923	1
975	992	-1
975	996	1
976	294	1
976	542	1
976	863	1
976	887	1
976	975	-1
976	978	-1
977	143	1
977	519	1
977	601	1
977	872	-1
977	905	-1
977	943	-1
978	669	1
978	778	-1
978	895	-1
978	936	1
978	992	1
978	993	-1
979	69	1
979	865	-1
979	955	1
979	984	1
979	994	-1
979	997	1
980	153	1
980	721	-1
980	789	1
980	879	1
980	911	-1
980	999	-1
981	31	1
981	265	-1
981	561	-1
981	818	1
981	886	1
981	998	1
982	351	1
982	738	1
982	848	-1
982	874	1
982	884	-1
982	998	1
983	37	1
983	182	-1
983	460	-1
983	588	1
983	650	-1
983	914	1
984	150	1
984	692	1
984	839	1
984	911	-1
984	931	1
984	980	1
985	469	1
985	864	1
985	956	1
985	960	-1
985	988	1
985	989	1
986	615	1
986	630	1
986	838	1
986	982	-1
986	983	-1
986	994	1
987	823	-1
987	920	1
987	963	1
987	966	1
987	968	1
987	992	-1
988	635	1
988	751	1
988	899	1
988	987	-1
988	993	1
988	999	1
989	321	-1
989	785	1
989	819	-1
989	980	-1
989	985	1
989	999	1
990	690	1
990	733	-1
990	796	1
990	814	-1
990	815	1
990	999	1
991	457	1
991	906	1
991	937	1
991	953	-1
991	954	1
991	998	1
992	434	1
992	585	-1
992	701	1
992	766	-1
992	791	-1
992	994	-1
993	312	-1
993	806	-1
993	873	-1
993	947	-1
993	970	-1
993	985	-1
994	696	1
994	799	1
994	822	-1
994	898	-1
994	981	-1
994	986	1
995	97	1
995	736	1
995	930	1
995	969	1
995	980	-1
995	992	1
996	578	1
996	733	1
996	820	1
996	899	1
996	940	-1
996	988	1
997	624	1
997	898	-1
997	979	1
997	984	1
997	988	-1
997	994	-1
998	105	1
998	330	1
998	907	1
998	933	-1
998	956	1
998	982	1
999	531	1
999	588	1
999	873	1
999	940	-1
999	989	1
999	994	-1
